    0.778110199974640228E-98    0.448572656600878702E+03    0.525901186466217041E+01   -0.245969486236572266E+01
    0.107648027446693094E-95    0.438693148561878104E+03    0.514930427074432373E+01   -0.296852093935012817E+01
    0.167405723726075645E-94    0.433184871476879152E+03    0.527864697125693727E+01   -0.239090026861666027E+01
    0.112138851075396778E-93    0.429361066299267918E+03    0.518991196155548096E+01   -0.280068480968475342E+01
    0.308262544774277667E-91    0.418108297941740830E+03    0.531253027915954590E+01   -0.225612813234329224E+01
    0.228591347239312250E-90    0.414081159632597121E+03    0.557494056224822998E+01   -0.225595378875732422E+01
    0.498367400109002414E-90    0.412502356319206797E+03    0.525488460063934326E+01   -0.252834486961364746E+01
    0.460011790238538667E-88    0.403432186819500316E+03    0.545913279056549072E+01   -0.278164488077163696E+01
    0.305024934444483711E-86    0.395023563636654444E+03    0.532238700302417644E+01   -0.224263447180781084E+01
    0.367838318152584121E-84    0.385418723338206121E+03    0.532178211212158203E+01   -0.225861257314682007E+01
    0.361703400650733685E-83    0.380827191048239399E+03    0.519626224040985107E+01   -0.283752048015594482E+01
    0.402174498039835680E-83    0.380595067991452311E+03    0.529909193515777588E+01   -0.236943864822387695E+01
    0.465456849219882182E-83    0.380282801340338381E+03    0.533445811271667480E+01   -0.220745289325714111E+01
    0.498539333915759059E-83    0.380125475148107398E+03    0.518540384021232903E+01   -0.288688644906935332E+01
    0.136168150314416133E-82    0.378095888900998830E+03    0.529254901409149170E+01   -0.240290570259094238E+01
    0.782193331585556199E-79    0.360763955511661095E+03    0.529973578453063965E+01   -0.239371734857559204E+01
    0.228908583179228761E-78    0.358596343752311498E+03    0.526974713802337646E+01   -0.253419613838195801E+01
    0.381399034007681902E-77    0.352950126693028835E+03    0.519764334934691874E+01   -0.286863276201396733E+01
    0.409179414880459991E-76    0.348184341373767552E+03    0.538697827649019878E+01   -0.201045662918769885E+01
    0.610970016438278331E-76    0.347362553057789228E+03    0.556696068086620866E+01   -0.226248008496193087E+01
    0.502000507378623827E-75    0.343130276381059957E+03    0.520713973045349121E+01   -0.283936548233032227E+01
    0.276658309233282959E-73    0.335091571861743546E+03    0.552609992027282715E+01   -0.244445210695266724E+01
    0.353773039459493321E-72    0.329974656931805441E+03    0.534247410517357935E+01   -0.223980084452563721E+01
    0.341951092324780920E-71    0.325417462454042550E+03    0.533066678047180176E+01   -0.230031901597976685E+01
    0.660331283019621188E-71    0.324081314591803107E+03    0.526422321796417236E+01   -0.260676932334899902E+01
    0.157612247667233723E-69    0.317716181749884981E+03    0.540267050266265869E+01   -0.299372345209121704E+01
    0.341325363051134317E-68    0.311545615007509355E+03    0.527823722362518311E+01   -0.255996376276016235E+01
    0.674873229673686509E-68    0.310162237609267379E+03    0.534360142998598153E+01   -0.226198600834265529E+01
    0.806927151561392524E-68    0.309784820552923520E+03    0.540784001350402832E+01   -0.296725696325302124E+01
    0.303403005231784770E-67    0.307115993209874546E+03    0.538753711684037562E+01   -0.206445748106939320E+01
    0.405122504417938985E-67    0.306517738151140520E+03    0.548503019689811211E+01   -0.261835547760207099E+01
    0.897087130829139036E-66    0.300302640981658669E+03    0.522063291072845459E+01   -0.283666187524795532E+01
    0.271598123346620322E-65    0.298067129809913240E+03    0.522181999683380127E+01   -0.283437520265579224E+01
    0.333567332844462495E-63    0.288425746924890689E+03    0.534109764157036793E+01   -0.230367501699839838E+01
    0.432087116846846220E-62    0.283283011769463428E+03    0.560622346401214600E+01   -0.204907542467117310E+01
    0.979648777028300952E-62    0.281625877990746289E+03    0.525785648822784424E+01   -0.269423067569732666E+01
    0.229854817163237329E-61    0.279900200278260343E+03    0.552036187370676323E+01   -0.244207931980615589E+01
    0.549153015364252697E-61    0.278138341799666364E+03    0.527277600765228271E+01   -0.263114863634109497E+01
    0.101746206006317318E-60    0.276884962779609168E+03    0.519623553752899170E+01   -0.297614651918411255E+01
    0.370406945440790251E-60    0.274280721344477286E+03    0.522027739507189015E+01   -0.287356650206779962E+01
    0.266713160923317179E-59    0.270312408111532761E+03    0.521627782652690630E+01   -0.289674020559458079E+01
    0.968078571388662517E-59    0.267714129160516677E+03    0.559302762318179703E+01   -0.210103056891703543E+01
    0.262746032849991054E-58    0.265697209657933115E+03    0.553670942783355713E+01   -0.235892510414123535E+01
    0.236860822839728991E-57    0.261279469847611495E+03    0.531942856311798096E+01   -0.244121938943862915E+01
    0.946615285752854071E-57    0.258488629763283598E+03    0.539927346660887775E+01   -0.297793651970943118E+01
    0.328604609947902747E-55    0.251374364452987209E+03    0.541663490681261806E+01   -0.200886947865084986E+01
    0.922922097236764721E-53    0.240078644891638817E+03    0.554390280624036969E+01   -0.231068574407582661E+01
    0.116051460834632580E-52    0.239600496922910338E+03    0.523319937194252116E+01   -0.286362799819503255E+01
    0.108366712463692896E-51    0.235112352255650194E+03    0.527775714546098040E+01   -0.266889232018430089E+01
    0.310089241623356555E-51    0.232989673913646669E+03    0.530906140804290771E+01   -0.252894252538681030E+01
    0.478488279963715220E-50    0.227496960557550352E+03    0.538901721261842681E+01   -0.216976411926630375E+01
    0.543965796684539128E-50    0.227220451249893586E+03    0.526041543483734131E+01   -0.275877714157104492E+01
    0.644761914056354791E-50    0.226860461745852547E+03    0.528486994077007921E+01   -0.264827666160409336E+01
    0.135011967271117613E-49    0.225362326964256226E+03    0.538753561138670811E+01   -0.217965053275424969E+01
    0.343095933379749691E-49    0.223477033611752802E+03    0.548778760433197021E+01   -0.255812811851501465E+01
    0.338190232431877962E-48    0.218880666510180220E+03    0.521080422401428223E+01   -0.299109172821044922E+01
    0.319733459814671046E-47    0.214367738012946717E+03    0.543105268687641463E+01   -0.281038763002070624E+01
    0.517000991153863865E-46    0.208781453664952437E+03    0.529960831896319018E+01   -0.260716645639653688E+01
    0.100513054811768152E-45    0.207431797826853256E+03    0.535846555233001709E+01   -0.233931392431259155E+01
    0.140663170646543985E-45    0.206739636718557591E+03    0.558931779861450195E+01   -0.208046269416809082E+01
    0.135241487918162805E-43    0.197587908730580324E+03    0.522145473957061768E+01   -0.297434312105178833E+01
    0.370388597283391943E-42    0.190947757069411949E+03    0.525382052012992506E+01   -0.284059764037376183E+01
    0.686871228530656849E-42    0.189692568835508922E+03    0.529293191432952881E+01   -0.266568982601165771E+01
    0.192720757010889420E-41    0.187609207745608416E+03    0.535441160202026367E+01   -0.238734310865402222E+01
    0.109222232464267835E-37    0.170304242301156734E+03    0.540147793292999268E+01   -0.291230136156082153E+01
    0.365523374283677776E-35    0.158658010745000439E+03    0.533913742508033717E+01   -0.250167812713390525E+01
    0.368899273685625260E-34    0.154014453744888471E+03    0.524437117576599121E+01   -0.293732982873916626E+01
    0.273125441023503448E-32    0.145385298283223420E+03    0.536404323577880859E+01   -0.240835011005401611E+01
    0.562929455588485886E-31    0.139313681819634525E+03    0.530593211208901749E+01   -0.268397956421705519E+01
    0.133107323595408252E-30    0.137572508778119868E+03    0.528842377662658691E+01   -0.276613628864288330E+01
    0.240193692302363092E-30    0.136371928974184897E+03    0.543714427867286076E+01   -0.208705908663531670E+01
    0.239254538691648980E-30    0.136359764271104780E+03    0.536050772666931152E+01   -0.243913358449935913E+01
    0.660542144668065521E-30    0.134308698414115753E+03    0.553153972007236394E+01   -0.229077936535890103E+01
    0.552157226967178343E-29    0.130041984412053807E+03    0.545330885871547189E+01   -0.264600115090934684E+01
    0.102896480567854688E-28    0.128777033020821506E+03    0.533063268661499023E+01   -0.258844745159149170E+01
    0.485930262442250436E-27    0.121047179473068368E+03    0.543243574631777015E+01   -0.213403576251470106E+01
    0.538515204024978402E-27    0.120821678253987727E+03    0.541497134332790253E+01   -0.281151810507778510E+01
    0.811060841632418366E-27    0.119982623570822710E+03    0.543143390770578183E+01   -0.273636859382618169E+01
    0.132119882300468573E-26    0.118986720109116845E+03    0.548074185848236084E+01   -0.251026463508605957E+01
    0.295781766928673885E-26    0.117354895711425925E+03    0.526235333592333454E+01   -0.291552050090516390E+01
    0.167987043678334442E-25    0.113861195631532652E+03    0.556487548351287842E+01   -0.211855000257492065E+01
    0.435424778575636099E-25    0.111936325228280580E+03    0.543262863159179688E+01   -0.214868032932281494E+01
    0.594716712312488020E-23    0.102082458613676522E+03    0.529864449237866353E+01   -0.277911091590309978E+01
    0.135009749590752371E-22    0.100422764794459326E+03    0.539885989587414983E+01   -0.232406815585811355E+01
    0.437372153456609447E-22    0.980518898996577803E+02    0.530167204708272966E+01   -0.277253654027818808E+01
    0.573467844442131228E-22    0.974900550524598088E+02    0.543220059845245729E+01   -0.217611940556308525E+01
    0.934420790302230804E-22    0.964936050610587444E+02    0.527720020102176424E+01   -0.288500146638773769E+01
    0.997100353670756986E-22    0.963437559434342035E+02    0.535878570464704929E+01   -0.251538314338932700E+01
    0.175010725690780659E-21    0.951985940751002886E+02    0.527071813019033986E+01   -0.291602589146398739E+01
    0.345079707217642117E-21    0.938207377469937569E+02    0.555391684696738874E+01   -0.214826846759095558E+01
    0.758219541544889988E-21    0.922263426458104334E+02    0.542298328876495361E+01   -0.222805809974670410E+01
    0.885167597596216105E-21    0.918967345927271992E+02    0.541246396205774527E+01   -0.279394183184405609E+01
    0.193011055797583438E-20    0.903176234701471117E+02    0.550401411659266415E+01   -0.237389271738901320E+01
    0.218314294731612536E-20    0.900512469256011912E+02    0.552026236057281494E+01   -0.229886919260025024E+01
    0.284290308121581862E-20    0.895031265570175378E+02    0.530276306320693802E+01   -0.278297185030317706E+01
    0.336578306944705370E-20    0.891454567483256284E+02    0.537199498533876785E+01   -0.246799025235368719E+01
    0.178104842670542612E-19    0.857932034652089754E+02    0.538037653553866058E+01   -0.243578772070776761E+01
    0.236708729571252674E-19    0.852042874342224650E+02    0.546938359737396240E+01   -0.202799910306930542E+01
    0.722812593584525792E-19    0.829516482627410596E+02    0.558301620524916764E+01   -0.200222289917565810E+01
    0.123550661903593522E-18    0.818594754609608657E+02    0.543362932541396404E+01   -0.219856994400287631E+01
    0.152626975548934056E-18    0.814167842882366557E+02    0.540107345581054688E+01   -0.234903520345687866E+01
    0.157552554908469477E-17    0.767280896854323231E+02    0.550431274312779273E+01   -0.235655081697409674E+01
    0.521638148015436583E-17    0.743136595656203696E+02    0.541134666787384866E+01   -0.231566623151282158E+01
    0.117198558294425856E-16    0.726746985169234989E+02    0.527462236643660543E+01   -0.293996479668532462E+01
    0.123053650258792470E-16    0.725571967860959006E+02    0.536870357795303832E+01   -0.296649832448658923E+01
    0.149567341669101750E-16    0.721469441938586016E+02    0.554521350706129112E+01   -0.216268805350423898E+01
    0.399284134206225351E-16    0.701630911100522070E+02    0.557089759608633539E+01   -0.204208456879257616E+01
    0.579260948950728464E-16    0.693989315384192480E+02    0.540033509994247751E+01   -0.282203602192883940E+01
    0.815456815714361447E-16    0.686949407359883253E+02    0.543838167190551758E+01   -0.264869487285614014E+01
    0.895604382415915733E-16    0.684874401126011776E+02    0.540826423244720456E+01   -0.278515832163986277E+01
    0.133872623215803181E-15    0.676634899328787753E+02    0.540694282869870069E+01   -0.234929684565334140E+01
    0.202767884328538953E-15    0.668131436868308413E+02    0.553387403488159180E+01   -0.220784920454025269E+01
    0.250603330654556460E-15    0.663695248163974156E+02    0.537065046011227576E+01   -0.295020505518790932E+01
    0.326255909892857057E-15    0.658219033364117792E+02    0.549448847770690918E+01   -0.238764566183090210E+01
    0.553090673333707803E-15    0.647462235739322125E+02    0.547545698420754334E+01   -0.204052208782249256E+01
    0.639862104293877808E-15    0.644347621003904862E+02    0.543636642863043473E+01   -0.222074109119661456E+01
    0.173146309240007950E-14    0.624238233861375775E+02    0.527678549289703369E+01   -0.295059746503829956E+01
    0.492329649473743474E-14    0.603138002738272192E+02    0.538120233042255869E+01   -0.289549026186538683E+01
    0.550676030783402019E-14    0.600698039559519472E+02    0.543049597740173340E+01   -0.267292571067810059E+01
    0.743874723313877749E-14    0.594483520205725924E+02    0.544472805038101360E+01   -0.219286739360436123E+01
    0.129223805119168743E-13    0.583238354615597316E+02    0.532875666191431652E+01   -0.272661835837785294E+01
    0.354761080818236422E-13    0.562840380083660961E+02    0.542992323220513207E+01   -0.226778119540568035E+01
    0.171271835341552857E-12    0.531152529753048626E+02    0.538299114311658933E+01   -0.249039103087796221E+01
    0.195425404568259879E-12    0.528313994360188275E+02    0.550485226952623030E+01   -0.232130210619025723E+01
    0.270172388298712820E-12    0.521636364637409642E+02    0.556783962659105924E+01   -0.203069562719321173E+01
    0.424260981578881047E-12    0.512410593476867859E+02    0.542768893569646504E+01   -0.228931396331570536E+01
    0.469813396935295970E-12    0.510170857484805254E+02    0.542338038203995776E+01   -0.230962731914297903E+01
    0.969475657291745873E-12    0.495482461929225835E+02    0.537014633280677955E+01   -0.255734526047900790E+01
    0.273605032575588518E-11    0.474532155796416504E+02    0.550977017078279196E+01   -0.229016457473241486E+01
    0.170740981035120564E-10    0.437711211979464139E+02    0.555027519900932909E+01   -0.209776485320767581E+01
    0.227051999377227477E-10    0.431810584258557313E+02    0.541156972621548693E+01   -0.238233304953201941E+01
    0.289257809432567910E-10    0.426767798234214837E+02    0.548876914708759145E+01   -0.202884042584798596E+01
    0.366648532387563289E-10    0.421826091291042928E+02    0.541015934944152832E+01   -0.273753303289413452E+01
    0.488396149420060443E-10    0.415891628363749177E+02    0.552240715121732073E+01   -0.222209762644542597E+01
    0.566750484617665679E-10    0.412715782637069069E+02    0.534042058345329629E+01   -0.271255478699060859E+01
    0.574443730030267783E-10    0.412246122596363733E+02    0.533973777294158936E+01   -0.271576923131942749E+01
    0.827964058912820178E-10    0.404734770599791958E+02    0.540019357204437256E+01   -0.244125199317932129E+01
    0.247078825517076315E-09    0.382668315319283820E+02    0.545541095733642578E+01   -0.252400392293930054E+01
    0.353913730664743683E-09    0.375281399971626399E+02    0.540855955965008128E+01   -0.241029069743074897E+01
    0.479149327602688060E-09    0.369022217717051220E+02    0.541640834854679554E+01   -0.237584774609761240E+01
    0.651465271539643627E-09    0.362677981871451678E+02    0.545285317454702056E+01   -0.253198967807281905E+01
    0.709986356734784524E-09    0.360757548586886969E+02    0.538847815990447998E+01   -0.282442826032638550E+01
    0.114865602581136887E-08    0.350935506372196926E+02    0.535521955050011123E+01   -0.266088655714889732E+01
    0.156215578843613810E-08    0.344586022427749867E+02    0.542981198957751143E+01   -0.232066744410914572E+01
    0.517984480742817212E-08    0.320411856169596234E+02    0.536920912947841522E+01   -0.290272734533852983E+01
    0.639120160630484229E-08    0.316008912176601378E+02    0.552565093709864552E+01   -0.218819472757938183E+01
    0.249089320878247168E-07    0.288602828936266107E+02    0.541462131534439628E+01   -0.240593185316931457E+01
    0.407574732940666791E-07    0.278554573755094346E+02    0.537401592731475830E+01   -0.287272751331329346E+01
    0.544676188390997019E-07    0.272555230579908816E+02    0.548584859473039010E+01   -0.208325360312541674E+01
    0.672406793749279638E-07    0.268141789842504892E+02    0.545570147037506104E+01   -0.222308099269866943E+01
    0.125329631989650779E-06    0.255488411641164177E+02    0.536910402059832492E+01   -0.288953918883048511E+01
    0.136398563125289493E-06    0.253595733865292807E+02    0.530364312784522784E+01   -0.291991715764375259E+01
    0.222636304475107954E-06    0.243596567718462147E+02    0.537361379121524330E+01   -0.260725842111167161E+01
    0.276998578050222895E-06    0.239027110631299600E+02    0.530281367860848540E+01   -0.292788159711352636E+01
    0.387422531583440880E-06    0.232117039880675122E+02    0.530079269409179688E+01   -0.293886935710906982E+01
    0.482410667613991076E-06    0.227531442911005932E+02    0.537556189831809306E+01   -0.260335120122253816E+01
    0.813026555467684231E-06    0.216892082635603849E+02    0.538385244956572961E+01   -0.256882672046915195E+01
    0.102207736129571240E-05    0.212115508809270636E+02    0.549261532888124115E+01   -0.231631037286287045E+01
    0.102037724614853363E-05    0.211948804345604920E+02    0.534355325637235978E+01   -0.275396228719185787E+01
    0.105461482956131257E-05    0.211088740311224790E+02    0.536636221408843994E+01   -0.265061652660369873E+01
    0.156933712151840559E-05    0.202939186215111249E+02    0.544743782816347100E+01   -0.228149176803448395E+01
    0.174157086531755208E-05    0.200656502465074134E+02    0.547109258174896240E+01   -0.241226303577423096E+01
    0.303576987790947083E-05    0.189342951329875113E+02    0.538145059272014947E+01   -0.281813279314763321E+01
    0.360772541388146818E-05    0.185690702617201744E+02    0.541617444552889360E+01   -0.265983373926761590E+01
    0.396635153841625233E-05    0.183595319223350515E+02    0.530888381617268212E+01   -0.291856400213610545E+01
    0.396768596928864719E-05    0.183388591597555077E+02    0.536588802243778140E+01   -0.266205775161525260E+01
    0.436920519496249330E-05    0.181260630207629880E+02    0.540113222599029541E+01   -0.250160419940948486E+01
    0.485333929041324767E-05    0.178958912876886309E+02    0.544649406433288963E+01   -0.229404213435226989E+01
    0.481444340699000377E-05    0.178919843648732240E+02    0.552744686200022883E+01   -0.214720184474058406E+01
    0.493118044968699202E-05    0.178240684476884539E+02    0.543557029073087428E+01   -0.234450889886071590E+01
    0.507284500333059594E-05    0.177474216410057188E+02    0.545625667008211668E+01   -0.224968651722126856E+01
    0.573938915914748009E-05    0.174805196779252974E+02    0.534848454030356724E+01   -0.296073267481259217E+01
    0.610366226678775655E-05    0.173374473254628398E+02    0.538975667374039524E+01   -0.255651871348246829E+01
    0.657305608215121607E-05    0.171692674878383578E+02    0.546957499880437048E+01   -0.241122326087368144E+01
    0.769971106442045239E-05    0.168328596426199297E+02    0.540309961451963439E+01   -0.271444078164856251E+01
    0.138201349935405936E-04    0.156429720781767490E+02    0.534852237912295259E+01   -0.295538472793574858E+01
    0.181700222721330316E-04    0.150756790343858373E+02    0.538020551204681396E+01   -0.260849881172180176E+01
    0.184779680500336610E-04    0.150220670383973207E+02    0.530360590737841875E+01   -0.295347516508210806E+01
    0.190866054366722284E-04    0.149372516447318180E+02    0.543740694663731094E+01   -0.255217153977916933E+01
    0.205741761415648923E-04    0.147671518426502200E+02    0.539443802172736930E+01   -0.274754935294263136E+01
    0.279555076527835924E-04    0.141339967828177802E+02    0.551253458357121406E+01   -0.220445408168362356E+01
    0.278607262920856579E-04    0.141207891760052782E+02    0.534582641924591506E+01   -0.276845976127247217E+01
    0.316899537725539920E-04    0.138432258208035268E+02    0.531155051692095537E+01   -0.292285089050945679E+01
    0.443914518725622520E-04    0.131491313997085317E+02    0.533845837673668555E+01   -0.280547045686413643E+01
    0.448696200630666203E-04    0.131077033458338317E+02    0.531824326874627396E+01   -0.289603286727331799E+01
    0.477054871550650243E-04    0.129651323987772482E+02    0.539058721065521240E+01   -0.275920701026916504E+01
    0.485761045899394826E-04    0.129089617809476547E+02    0.552761516316873447E+01   -0.213109057255092171E+01
    0.503837118217409570E-04    0.128158893613207159E+02    0.536336144583544527E+01   -0.269411590174917404E+01
    0.586503176653896418E-04    0.124920392679796333E+02    0.546784207037206293E+01   -0.240449087687122365E+01
    0.591695742404323610E-04    0.124544103284651371E+02    0.542375526393178209E+01   -0.241922399882290851E+01
    0.594450752110136976E-04    0.124251196896688416E+02    0.538270066566520367E+01   -0.260753952799703947E+01
    0.614709069277226655E-04    0.123380972411298373E+02    0.551233885223902931E+01   -0.201264254301902357E+01
    0.721239046484024946E-04    0.119984541750038876E+02    0.543661586821094378E+01   -0.254610898315394962E+01
    0.877198373595595716E-04    0.115869291118050697E+02    0.533288606184935254E+01   -0.283683528850380418E+01
    0.109372320575749332E-03    0.111257095571594995E+02    0.536928033791859249E+01   -0.284878343685525737E+01
    0.108873262399608605E-03    0.111148562998185483E+02    0.545814310533996050E+01   -0.226685613803289465E+01
    0.114500737627514345E-03    0.109940627204581478E+02    0.551404070854187012E+01   -0.201054787635803223E+01
    0.121399949321153013E-03    0.108570443283848714E+02    0.538341366808430610E+01   -0.261093553294223923E+01
    0.121008963599193674E-03    0.108434960063582597E+02    0.540847741475128263E+01   -0.249622264827737173E+01
    0.120486051048311342E-03    0.108321572761387177E+02    0.547218575418312181E+01   -0.237859941227588800E+01
    0.124523047623273543E-03    0.107462436102406595E+02    0.531927079972947325E+01   -0.290111117673318697E+01
    0.136000273484948689E-03    0.105499114574230735E+02    0.538297167834508450E+01   -0.261430784735428201E+01
    0.136999929202284270E-03    0.105152644326159379E+02    0.531505203069120835E+01   -0.292078768412246603E+01
    0.138959443919045074E-03    0.104668610103469160E+02    0.549212492563349208E+01   -0.228555135080299632E+01
    0.142703655284323323E-03    0.103936849720852731E+02    0.543935417086508366E+01   -0.252771473430827642E+01
    0.147760777560646060E-03    0.103040360543310676E+02    0.538648080825805664E+01   -0.276839834451675415E+01
    0.150321138615774457E-03    0.102496773913502768E+02    0.537397265680014602E+01   -0.265671317108459126E+01
    0.149734246257987661E-03    0.102375011883664797E+02    0.542277148972131950E+01   -0.243331116965230310E+01
    0.153043187923402999E-03    0.101737849395890336E+02    0.543683754487755699E+01   -0.253841338464989574E+01
    0.219258014627023802E-03    0.943472688007770977E+01    0.534615103123513524E+01   -0.278661832865422676E+01
    0.242120171680483245E-03    0.921635689053839435E+01    0.551916658878326416E+01   -0.215632057189941406E+01
    0.283078250048013629E-03    0.888377852800849688E+01    0.552173617946002082E+01   -0.214314905498478447E+01
    0.298140504193231343E-03    0.876009551878871129E+01    0.533540231010993793E+01   -0.298969766117167612E+01
    0.319202899493120271E-03    0.860357135240971083E+01    0.548714956009618593E+01   -0.214509155735395396E+01
    0.339790082912512438E-03    0.845856920324887973E+01    0.539436408629044273E+01   -0.272538931731019263E+01
    0.364388815502179940E-03    0.829878230672686712E+01    0.535842258408723282E+01   -0.273653916185410084E+01
    0.375779063920679427E-03    0.821722250126443043E+01    0.540885913372039795E+01   -0.250674021244049072E+01
    0.400053550637492132E-03    0.807202842124653408E+01    0.545955959987256279E+01   -0.227455336951029130E+01
    0.456068760022207398E-03    0.778993807539027916E+01    0.535426180095132143E+01   -0.290273403224764737E+01
    0.485139853756869121E-03    0.764635083546499050E+01    0.545635025950578179E+01   -0.243843136658107840E+01
    0.489896033803315914E-03    0.760683886536746101E+01    0.551156469541310301E+01   -0.203794626574578119E+01
    0.523523749414848451E-03    0.745406045896646319E+01    0.542887961864471436E+01   -0.256358611583709717E+01
    0.562659898634959490E-03    0.728987453488246118E+01    0.537008504134110964E+01   -0.268869498998584966E+01
    0.573209409547482062E-03    0.723272302745195628E+01    0.549023953059070813E+01   -0.213786385158807812E+01
    0.575224555245598137E-03    0.720570425988475627E+01    0.534355157573316042E+01   -0.280920980185604297E+01
    0.578407256620216905E-03    0.717466881714912841E+01    0.544173975597631987E+01   -0.250336059136584499E+01
    0.624612500029201180E-03    0.700096233572127602E+01    0.549499893188476562E+01   -0.225780439376831055E+01
    0.731674579504849247E-03    0.666455354753724549E+01    0.533564488323663078E+01   -0.284754242303998151E+01
    0.752144956780458301E-03    0.658936711662895291E+01    0.532521090547991527E+01   -0.289447296928512454E+01
    0.767957808502760827E-03    0.652775566114218631E+01    0.539657072840899943E+01   -0.270671539364549574E+01
    0.869988866585007562E-03    0.625826442165259866E+01    0.541418205799620278E+01   -0.262515568409909861E+01
    0.868350332671497601E-03    0.624203476612729968E+01    0.535922823473650034E+01   -0.274364212389959228E+01
    0.873954714066844094E-03    0.620916813124004641E+01    0.548722483322271515E+01   -0.215733272517918007E+01
    0.102649500520246421E-02    0.586741450953921007E+01    0.540978956222534180E+01   -0.264324104785919189E+01
    0.102635235358492232E-02    0.584769246808720311E+01    0.554546114605399687E+01   -0.202021725967715637E+01
    0.106817907141372481E-02    0.574780390007231379E+01    0.531677358561320546E+01   -0.293644616304861783E+01
    0.115095811033789474E-02    0.557852522290152741E+01    0.543907867789527355E+01   -0.238233230282749586E+01
    0.116085399226592101E-02    0.554140282379424054E+01    0.551135252753656246E+01   -0.205038207223033409E+01
    0.117684042467947991E-02    0.549404821061581394E+01    0.549833246207716719E+01   -0.211047346203016417E+01
    0.116627080891431147E-02    0.549209206155463736E+01    0.543651121526657199E+01   -0.239464917939536193E+01
    0.138962123398116903E-02    0.512165225982281491E+01    0.547348681124441860E+01   -0.222694500192303169E+01
    0.144319768239221024E-02    0.502599216387694359E+01    0.543968338341566238E+01   -0.238293849089829823E+01
    0.148292038270043274E-02    0.495168794263191536E+01    0.530735631311454004E+01   -0.298240221668065653E+01
    0.149461950639398792E-02    0.491597136541227808E+01    0.537507939293706194E+01   -0.279567337190426768E+01
    0.158864348405064835E-02    0.477395369795748792E+01    0.544981627490353304E+01   -0.233796734680798401E+01
    0.158542850623067571E-02    0.475800524931395685E+01    0.549606127303713521E+01   -0.212548906109646918E+01
    0.161936215192952458E-02    0.469565001609611521E+01    0.544495789132017549E+01   -0.247584001573729129E+01
    0.168292037279075711E-02    0.459865348990850631E+01    0.543167454336534394E+01   -0.242247494051967927E+01
    0.173211234727434281E-02    0.452103134542756369E+01    0.538434588909149170E+01   -0.263982164859771729E+01
    0.181492260543717637E-02    0.440762904241390086E+01    0.551418900911857079E+01   -0.204451315554684454E+01
    0.218227512398259807E-02    0.401897875787005177E+01    0.539017173661884907E+01   -0.272215005843817304E+01
    0.221344738571424039E-02    0.397061228639876296E+01    0.548675482178192198E+01   -0.217354644179429091E+01
    0.221362749192498265E-02    0.395044955482920201E+01    0.549921392916600915E+01   -0.211643111371642778E+01
    0.245248324820770622E-02    0.372551252888893414E+01    0.530653635447973482E+01   -0.299383052324922749E+01
    0.244116138378206631E-02    0.371476688671660638E+01    0.535566892769429437E+01   -0.277555798882929716E+01
    0.242191207853003103E-02    0.371060000619028418E+01    0.536527395248413086E+01   -0.283258783817291260E+01
    0.244454446793920983E-02    0.367199710498964826E+01    0.554224843504938036E+01   -0.202238127643196908E+01
    0.254525839054850185E-02    0.357125034566124544E+01    0.533259222082961060E+01   -0.297657358666301874E+01
    0.257885858171493301E-02    0.352502091105784432E+01    0.540840823886557409E+01   -0.263594714675001640E+01
    0.269541759211072663E-02    0.341660840666880450E+01    0.534289149127582608E+01   -0.293032270941575801E+01
    0.310208101958819394E-02    0.311556832693704777E+01    0.551381015200998092E+01   -0.205557686965787267E+01
    0.312136231839518470E-02    0.308317559869845947E+01    0.535894609860756166E+01   -0.285671629012457373E+01
    0.310956943871618834E-02    0.307074614783602984E+01    0.552186719229559131E+01   -0.201893328722132681E+01
    0.314957946613128289E-02    0.302517681054477361E+01    0.546019670340909880E+01   -0.239505037860075376E+01
    0.341640584919088207E-02    0.284253653840369402E+01    0.545913220824405876E+01   -0.230907672241948703E+01
    0.341288910620399059E-02    0.282459633715054892E+01    0.550231443651662389E+01   -0.219991569523053121E+01
    0.348565273274869993E-02    0.276240404386383398E+01    0.549518412775624476E+01   -0.214400712791821535E+01
    0.351042421583615087E-02    0.272824091398941171E+01    0.548293513506047958E+01   -0.220059340244963808E+01
    0.348505693802969412E-02    0.272274592854907738E+01    0.548039471209041729E+01   -0.221231796890604926E+01
    0.352700719640219700E-02    0.267881530951092062E+01    0.548121147000290421E+01   -0.229583104020090101E+01
    0.353892468951555158E-02    0.265206885080954047E+01    0.541316539098374694E+01   -0.260793599572515422E+01
    0.359795110427453329E-02    0.259898560128394163E+01    0.531163884277394249E+01   -0.297997971734920553E+01
    0.357162486870856713E-02    0.259367341768263016E+01    0.551958337816400402E+01   -0.211875201853357620E+01
    0.358723144602048159E-02    0.256495325270117114E+01    0.543295326961478864E+01   -0.251664186335665319E+01
    0.357229680378596485E-02    0.255329719010893452E+01    0.543797284706948325E+01   -0.240877119613383295E+01
    0.358061309540889982E-02    0.252864660986270140E+01    0.549533730020675293E+01   -0.214529273639690166E+01
    0.355636888766279035E-02    0.252223459484546053E+01    0.539475323485394220E+01   -0.260720088780912063E+01
    0.353135254317521116E-02    0.251635278423179942E+01    0.541333845409921555E+01   -0.260607530698839041E+01
    0.351641831803363057E-02    0.250482879617264764E+01    0.536075385974817920E+01   -0.276200697275008444E+01
    0.348286154441845809E-02    0.250400621521256239E+01    0.537747130688982100E+01   -0.268617798813156528E+01
    0.349586373123107839E-02    0.247655373565876857E+01    0.548831951047742095E+01   -0.226154155020899461E+01
    0.350152898527220742E-02    0.245331524068871243E+01    0.552268331640124632E+01   -0.202033477470409029E+01
    0.354657453582815077E-02    0.240775025642874585E+01    0.542195310188958679E+01   -0.248360969065207060E+01
    0.352258248546425930E-02    0.240132593025264862E+01    0.540673109777080896E+01   -0.255345718271525923E+01
    0.358256363906779476E-02    0.234755740389755996E+01    0.544783488123672477E+01   -0.236526797931108135E+01
    0.357144375347280378E-02    0.233377483921187912E+01    0.532785594128659135E+01   -0.291086725116223466E+01
    0.353920758866445393E-02    0.233190897860713608E+01    0.549140017796315050E+01   -0.216513154686468745E+01
    0.353311482684964904E-02    0.231535495460433705E+01    0.542171244381441575E+01   -0.248554338235767380E+01
    0.355666142397108266E-02    0.228207008757040164E+01    0.545125739373746043E+01   -0.235013073200023692E+01
    0.363946319160121353E-02    0.221604230088769638E+01    0.544291185417298085E+01   -0.246807079711554422E+01
    0.370472917158345700E-02    0.216049437678812462E+01    0.552944588366724776E+01   -0.206985265537669516E+01
    0.373243917997686863E-02    0.212559078159714110E+01    0.534976730772452047E+01   -0.289027323572674932E+01
    0.375549873222194011E-02    0.209327250363467776E+01    0.544059181213378906E+01   -0.240090924501419067E+01
    0.376174093011721715E-02    0.206995096561784919E+01    0.544052225733260997E+01   -0.247776617659604215E+01
    0.377136761663926035E-02    0.204483929534115516E+01    0.533322719978662096E+01   -0.288963287702429117E+01
    0.383045695166227577E-02    0.199374648355661899E+01    0.539880755011962776E+01   -0.259350311970609804E+01
    0.379675368342392112E-02    0.199142187720516328E+01    0.532704530405692100E+01   -0.291755335711831432E+01
    0.405538429286550570E-02    0.183962378635615686E+01    0.539964711808867914E+01   -0.266273339008790222E+01
    0.427502046787715546E-02    0.171413691239479138E+01    0.531380045413970947E+01   -0.297848230600357056E+01
    0.434663529030796057E-02    0.166091059413052866E+01    0.534114747597237294E+01   -0.285809601644878519E+01
    0.432320493501437558E-02    0.165172067216042562E+01    0.541574418420430792E+01   -0.258740849045718235E+01
    0.429738844758043893E-02    0.164369969191788390E+01    0.550011615024630451E+01   -0.213181577768224617E+01
    0.441066680804243650E-02    0.157166292943159513E+01    0.545172947969036148E+01   -0.235503153157766842E+01
    0.456347820105237108E-02    0.148354450044670427E+01    0.544229816073994765E+01   -0.239935369927597630E+01
    0.454667114689386986E-02    0.147092399449647337E+01    0.549573397636413574E+01   -0.221820813417434692E+01
    0.457874383837368008E-02    0.143686531394544970E+01    0.549714355485051342E+01   -0.214776061831029308E+01
    0.463182091523153903E-02    0.139381453874734529E+01    0.552054151670274962E+01   -0.204076234566196746E+01
    0.458800439223155682E-02    0.139282437957036676E+01    0.545123548141085212E+01   -0.235931497778582022E+01
    0.456418558941514788E-02    0.138323450289183825E+01    0.541274171977416785E+01   -0.259834977592783289E+01
    0.458029089609191670E-02    0.135618967168497240E+01    0.550078546147705261E+01   -0.213195747377531886E+01
    0.460755829008577950E-02    0.132431856953885063E+01    0.536420200902631894E+01   -0.275810719371863744E+01
    0.462547844653714985E-02    0.129655506573645818E+01    0.540375356328116574E+01   -0.263845272885172699E+01
    0.469290721762753715E-02    0.124761016028177507E+01    0.542896699905395508E+01   -0.252252972126007080E+01
    0.474347511897057084E-02    0.120617466366872628E+01    0.541053203490239554E+01   -0.254840670625147681E+01
    0.470305760657474710E-02    0.120328898918939298E+01    0.543042464399978719E+01   -0.245720128496850387E+01
    0.468713666784292739E-02    0.119007093789988727E+01    0.554105477113986478E+01   -0.200682205238649924E+01
    0.480611062845112853E-02    0.111993838102473497E+01    0.535172919369871636E+01   -0.281682755088450332E+01
    0.481694827222528023E-02    0.109543351475798434E+01    0.531095772895197005E+01   -0.299769632503457251E+01
    0.477849834175863089E-02    0.109146200735892807E+01    0.550448196838953940E+01   -0.211824146879901454E+01
    0.478836428302390274E-02    0.106733695815535046E+01    0.548314911732363353E+01   -0.221661020197375569E+01
    0.485813184634228176E-02    0.101840675224944843E+01    0.550642646867390440E+01   -0.211027536682130767E+01
    0.500020892560551662E-02    0.940755299399892997E+00    0.541881985938064670E+01   -0.256523729578055493E+01
    0.499090656543101432E-02    0.924479553361675754E+00    0.536608834191172157E+01   -0.275465834419952582E+01
    0.494861664618655682E-02    0.921498548552343921E+00    0.548430569997847606E+01   -0.226423012386493872E+01
    0.493841318916339936E-02    0.905626567104085178E+00    0.543979785476368871E+01   -0.241810926361411216E+01
    0.496954789187242091E-02    0.873056955683054303E+00    0.534403768281137470E+01   -0.290269246022069582E+01
    0.496551407464933085E-02    0.854681029074178089E+00    0.552052926714360925E+01   -0.204779329698254431E+01
    0.493729666920219700E-02    0.846078795847938769E+00    0.537876728885820832E+01   -0.269826828881922509E+01
    0.494349973486874535E-02    0.823567635318846358E+00    0.545493828322984342E+01   -0.239788418844272933E+01
    0.492896025709523185E-02    0.809458563536165965E+00    0.544717511656137088E+01   -0.243335000281258518E+01
    0.491904834587694479E-02    0.793484520443761276E+00    0.549734874458313794E+01   -0.215520939790800092E+01
    0.489661141942241643E-02    0.782627855102437597E+00    0.541720475234156851E+01   -0.257043101725445133E+01
    0.491820437329333008E-02    0.753827694543193538E+00    0.533041579474628957E+01   -0.296114999142778590E+01
    0.487660908823133073E-02    0.750814454024994027E+00    0.533129400455060942E+01   -0.295725320455541185E+01
    0.485933823202905606E-02    0.737910167980806220E+00    0.542453630779963181E+01   -0.253618472429352115E+01
    0.483691660493735728E-02    0.727159787522825840E+00    0.551091650060903060E+01   -0.209389450098686858E+01
    0.480950989205659960E-02    0.718524321998688431E+00    0.539002933200509204E+01   -0.264892654954843731E+01
    0.476556222217968273E-02    0.716883652544054284E+00    0.532169163227081299E+01   -0.299872243404388428E+01
    0.471870158152536915E-02    0.716647346576839483E+00    0.545724002488417703E+01   -0.238572506745749102E+01
    0.470770098825022600E-02    0.701315340835553580E+00    0.531872451399488622E+01   -0.296920963368254931E+01
    0.466799080982890132E-02    0.698257201439383524E+00    0.535370733533628318E+01   -0.285714292486275312E+01
    0.466165584765643876E-02    0.680973258490041866E+00    0.551064270061543304E+01   -0.213965701734397395E+01
    0.461952352660618092E-02    0.679131558752615438E+00    0.540006434559758119E+01   -0.264720358650893717E+01
    0.460670745717549433E-02    0.664687924161805110E+00    0.536673296858157745E+01   -0.275565228178447885E+01
    0.462397752057991558E-02    0.637204152980398231E+00    0.544988996268313475E+01   -0.241824608692453547E+01
    0.463479265433671891E-02    0.612531766271849021E+00    0.549149088440273481E+01   -0.218506608241739908E+01
    0.471491633662708340E-02    0.558252349083535715E+00    0.534248610713167960E+01   -0.290488009109275502E+01
    0.469301727871811441E-02    0.547563255540278737E+00    0.547153555272637870E+01   -0.227796516578233854E+01
    0.466236597327827906E-02    0.540668615005999054E+00    0.541206572262662622E+01   -0.259008290888269999E+01
    0.462294727592652693E-02    0.537649812345156297E+00    0.550373003194006394E+01   -0.216903983725009963E+01
    0.462098763470843513E-02    0.518497780776942863E+00    0.544371494614385742E+01   -0.240638943163462482E+01
    0.459152892337092410E-02    0.511288558002372717E+00    0.547107654455967030E+01   -0.231869819074036299E+01
    0.456852537756250940E-02    0.501333736081323589E+00    0.538632058569496053E+01   -0.266958062633480742E+01
    0.453215975320402087E-02    0.497317507585342544E+00    0.553666577362576184E+01   -0.201699114162817938E+01
    0.449466496870359281E-02    0.493932430902819242E+00    0.542093762522052014E+01   -0.251142558898363522E+01
    0.445315548968946984E-02    0.492488805378364980E+00    0.547849019372606616E+01   -0.224702193939277350E+01
    0.441562414657660149E-02    0.489416305529940532E+00    0.534207304411406358E+01   -0.286956056088318068E+01
    0.438379809900904006E-02    0.483883703710289659E+00    0.543642278625919140E+01   -0.244054818599151524E+01
    0.436928550648181101E-02    0.470515700606237208E+00    0.540156841843904001E+01   -0.263677083702055004E+01
    0.434605235054805455E-02    0.461178837870505676E+00    0.544571212579670938E+01   -0.243433865700349905E+01
    0.430308936899055725E-02    0.461048247490431884E+00    0.548184097739408394E+01   -0.223223123184259542E+01
    0.426892043964870703E-02    0.456992751090763316E+00    0.549530595189447180E+01   -0.220627573334008220E+01
    0.422814095729380762E-02    0.456189879858993452E+00    0.540674784410282605E+01   -0.261284400431243480E+01
    0.420824616125712973E-02    0.445622748520261680E+00    0.552056810179933777E+01   -0.205456531378782703E+01
    0.416972745026450604E-02    0.444013344712613778E+00    0.538874365326718063E+01   -0.265965716580993661E+01
    0.413044384463241883E-02    0.442944953499114003E+00    0.531329326334244101E+01   -0.299733223893808542E+01
    0.413223836993420468E-02    0.422076216068142829E+00    0.548918582724681769E+01   -0.223372729530370773E+01
    0.415017911503098684E-02    0.393411705645044962E+00    0.543345039886611225E+01   -0.245604210003640144E+01
    0.414569452912923186E-02    0.375574027074209449E+00    0.547187741699760721E+01   -0.231234999126237994E+01
    0.413602312355485988E-02    0.360245236780429745E+00    0.533241696291904876E+01   -0.294568153312656467E+01
    0.409735896992367496E-02    0.359029467810373815E+00    0.532255995643290802E+01   -0.298883102937384626E+01
    0.406335517840043878E-02    0.355696630854155815E+00    0.552776021618475522E+01   -0.202345371527475226E+01
    0.407949183625007806E-02    0.327769831323607819E+00    0.535600284936187343E+01   -0.284019122935178769E+01
    0.404023188120823402E-02    0.327110519435116875E+00    0.538171795230412009E+01   -0.269416640699076959E+01
    0.400489111425963995E-02    0.324681907364454236E+00    0.540868533565655785E+01   -0.260124512987305279E+01
    0.398952166320525135E-02    0.312372013151038685E+00    0.534024119940299080E+01   -0.291009097191528454E+01
    0.397899485229831398E-02    0.297656217311333238E+00    0.534423691252862110E+01   -0.289202102864199695E+01
    0.396366175546170301E-02    0.285378125303235697E+00    0.546975640729212476E+01   -0.232004613946079985E+01
    0.394823514445658778E-02    0.273177332370507064E+00    0.532775500399998503E+01   -0.293767051711116212E+01
    0.391728160563814456E-02    0.268918802178761907E+00    0.532749722674726733E+01   -0.293891208702811246E+01
    0.388174445896481224E-02    0.267145381924170866E+00    0.544270138155577499E+01   -0.241652267250694219E+01
    0.384632087720364335E-02    0.265480542571194633E+00    0.539097450501964026E+01   -0.268063709447916398E+01
    0.383872362520798873E-02    0.249434848609714044E+00    0.546962401021006261E+01   -0.229324027214589599E+01
    0.381567541005457247E-02    0.241479313344420965E+00    0.533096464917894419E+01   -0.292431285673464370E+01
    0.378274037749318616E-02    0.238817263643924221E+00    0.548601173717703627E+01   -0.224411253097964858E+01
    0.375099562786524073E-02    0.235672081749784379E+00    0.540355840028545842E+01   -0.259685809203333351E+01
    0.372008048022932783E-02    0.232224087721800282E+00    0.531443741848610340E+01   -0.299704046418455716E+01
    0.368492810854172169E-02    0.231212660292920674E+00    0.538391330361693932E+01   -0.271185246527351609E+01
    0.367195845186540784E-02    0.218264377078842053E+00    0.552434191151642207E+01   -0.204262094962374929E+01
    0.366352454575667643E-02    0.202863343406059993E+00    0.535745125199015337E+01   -0.283057688617948999E+01
    0.363069139089213780E-02    0.200868500862443206E+00    0.545369458165170862E+01   -0.239162693363836176E+01
    0.359576286734203604E-02    0.200202350800881973E+00    0.539295134978298041E+01   -0.266987427547056466E+01
    0.357024876249141532E-02    0.194444143296245459E+00    0.548142563336873856E+01   -0.226394808782933454E+01
    0.353601012967225993E-02    0.193716673769147696E+00    0.542496016872885711E+01   -0.250003470564795416E+01
    0.351352797081023798E-02    0.186473387620458120E+00    0.540343290223980599E+01   -0.262165413150171256E+01
    0.347861486963086178E-02    0.186446315594609807E+00    0.549097587386324104E+01   -0.221979677023364097E+01
    0.344439488107473046E-02    0.186218217404363368E+00    0.553170171852756987E+01   -0.200978243917339849E+01
    0.342647624612309231E-02    0.176649893529788493E+00    0.532022172929836401E+01   -0.299457228837772282E+01
    0.339345664467750842E-02    0.176016570584487747E+00    0.531758342492739366E+01   -0.298492363939040128E+01
    0.336246954633815124E-02    0.174363316692696974E+00    0.551494182370109698E+01   -0.210926417452252490E+01
    0.333662471016264468E-02    0.169795232358111975E+00    0.535575831757586318E+01   -0.283718624085483473E+01
    0.330480314114576243E-02    0.168960877604756476E+00    0.550131614361086818E+01   -0.214991399684424866E+01
    0.327514478078352227E-02    0.166990540798559850E+00    0.546675148594000060E+01   -0.233057037773854070E+01
    0.325662528448615075E-02    0.158331751978999652E+00    0.547060133078519417E+01   -0.229147210775973020E+01
    0.322839634163404020E-02    0.155743642194224541E+00    0.540269277689896832E+01   -0.262406441396011036E+01
    0.320021190834239057E-02    0.153280634824090295E+00    0.548958085237449556E+01   -0.220438124425972726E+01
    0.317533217346066890E-02    0.148890195895156480E+00    0.534977022373796451E+01   -0.284337170933349892E+01
    0.314780950417066063E-02    0.146301061891249917E+00    0.532366587812949454E+01   -0.297860979393184211E+01
    0.312004153055463933E-02    0.144022067148363436E+00    0.539601283901755835E+01   -0.263415874515077331E+01
    0.309178179977502229E-02    0.142219574861550208E+00    0.542784499837368895E+01   -0.250846057996842609E+01
    0.306593759117708593E-02    0.139007842535780579E+00    0.539224649213657070E+01   -0.265151951746566095E+01
    0.305114161937339833E-02    0.128683048724536980E+00    0.544553424422230847E+01   -0.240774875854005632E+01
    0.302565826907175497E-02    0.125457337924827994E+00    0.553663456439971924E+01   -0.200796443223953247E+01
    0.299719597714958501E-02    0.124360338155852249E+00    0.543175898994835737E+01   -0.248986252325112378E+01
    0.297505957442080514E-02    0.119186565139383555E+00    0.541957038166010729E+01   -0.252728932421353747E+01
    0.294848294833929565E-02    0.117133126210090172E+00    0.540627822458207685E+01   -0.260631311207162897E+01
    0.292606922645182984E-02    0.112394769979361570E+00    0.535473934602309498E+01   -0.283978353809426665E+01
    0.290334501703557379E-02    0.107987639913404751E+00    0.535059274269518870E+01   -0.285816855868758823E+01
    0.288004274123921863E-02    0.104104423272787183E+00    0.539294892982828600E+01   -0.266663510522230407E+01
    0.285773404910258377E-02    0.996566522040242403E-01    0.549831715451152547E+01   -0.216625104498165388E+01
    0.283171459970817758E-02    0.979499051365112228E-01    0.546538474431919141E+01   -0.231773121532249515E+01
    0.280711015941624911E-02    0.954036104703481352E-01    0.550141451492087796E+01   -0.216857881788666162E+01
    0.280119523749467912E-02    0.796222995010464896E-01    0.531608253746331272E+01   -0.299495360441557912E+01
    0.277420694371640231E-02    0.789848521530959607E-01    0.541210254860816420E+01   -0.256321561437717005E+01
    0.274747196633247153E-02    0.783522849505619151E-01    0.545113360669361668E+01   -0.239897453512665759E+01
    0.272471772781616431E-02    0.749850195098001049E-01    0.551026606730998125E+01   -0.212697387789021919E+01
    0.269941102823033439E-02    0.736474697197242734E-01    0.546811730254260286E+01   -0.232068073248580919E+01
    0.267597832441229724E-02    0.710846082888386133E-01    0.552949788777511753E+01   -0.203843284578104900E+01
    0.265221009300726845E-02    0.689281132107654460E-01    0.544954692921966100E+01   -0.240580798097295467E+01
    0.262688032737058447E-02    0.681207831621686022E-01    0.541210380225279675E+01   -0.256374344238082141E+01
    0.260161735103089107E-02    0.674480733277717376E-01    0.537863962854978617E+01   -0.271643529996083188E+01
    0.257870197809591814E-02    0.651423666314801947E-01    0.548829297201574562E+01   -0.221394762647855847E+01
    0.255688514341379219E-02    0.621351391496872407E-01    0.539243160610872074E+01   -0.265395529182284884E+01
    0.253241361739282465E-02    0.613689988821394319E-01    0.551274237296462477E+01   -0.210177345825168782E+01
    0.250857724766495290E-02    0.602831750980306405E-01    0.546833401983846290E+01   -0.230597383826158220E+01
    0.248559865346547910E-02    0.586876180396694314E-01    0.553351147268064114E+01   -0.201936161619941767E+01
    0.246315115596838644E-02    0.568317169071479722E-01    0.549928441057835027E+01   -0.216386957784733358E+01
    0.243920272716651896E-02    0.563722232662686590E-01    0.546288492173267848E+01   -0.233124280987639887E+01
    0.241571138719280003E-02    0.557270647775689326E-01    0.544437141877621222E+01   -0.241636933509498819E+01
    0.239436831495804881E-02    0.534758037823003379E-01    0.547654595122717325E+01   -0.228086886707870296E+01
    0.237077325547538961E-02    0.532823526318861040E-01    0.551323604491066099E+01   -0.211219332307054808E+01
    0.234801714784273674E-02    0.525722825463581026E-01    0.545327652342306202E+01   -0.238779261067786930E+01
    0.232498379636592424E-02    0.522885533442514622E-01    0.543924796196382232E+01   -0.245222459523939973E+01
    0.230431691283546807E-02    0.501461280676208238E-01    0.544933604037354513E+01   -0.239388116189829869E+01
    0.228150157994893655E-02    0.500470649852809493E-01    0.533924349884082439E+01   -0.289454431755642627E+01
    0.225966333415246641E-02    0.492830227677591437E-01    0.532056004754019263E+01   -0.297695147392955084E+01
    0.223878825678368700E-02    0.478451673562981170E-01    0.534140202019489863E+01   -0.288507508228603449E+01
    0.221906313154007035E-02    0.455445047805191419E-01    0.543047113965951933E+01   -0.248080435840660662E+01
    0.219771378710841188E-02    0.448794280515928470E-01    0.547358407575866934E+01   -0.228273378685899431E+01
    0.217619066958435773E-02    0.445627946747398709E-01    0.541715762281164714E+01   -0.255308872285130661E+01
    0.215556544569198930E-02    0.436085389040503646E-01    0.539323121211591427E+01   -0.265138037708043184E+01
    0.213523764657231555E-02    0.425587920522865273E-01    0.536430482256909080E+01   -0.278272714575983571E+01
    0.211513145595258788E-02    0.414807634014604867E-01    0.538740130725854272E+01   -0.268878558356141539E+01
    0.209526117816495041E-02    0.403582667931520617E-01    0.541686774195288656E+01   -0.255414808368011270E+01
    0.207448851668020967E-02    0.402854421411690880E-01    0.541903900234263691E+01   -0.253357651172564724E+01
    0.205453107610968329E-02    0.396194225609974929E-01    0.533597133425586367E+01   -0.291987994245592075E+01
    0.203433267832305639E-02    0.393790069316852717E-01    0.547344970921233820E+01   -0.228370919122049187E+01
    0.201412843318862691E-02    0.393415678323161405E-01    0.547701606798297469E+01   -0.226731387864392531E+01
    0.199467798830436872E-02    0.387494368790098284E-01    0.535543766511399610E+01   -0.282288946951043052E+01
    0.197541975294001802E-02    0.381528749537586170E-01    0.532771734107197936E+01   -0.294624246321929828E+01
    0.195592874191169788E-02    0.379844118973304556E-01    0.548620834080994069E+01   -0.223548253717665135E+01
    0.193694230478146079E-02    0.374934965298445652E-01    0.538502756622208878E+01   -0.268914868127093065E+01
    0.191816713706058958E-02    0.369744647858400999E-01    0.553162179152487621E+01   -0.202672243184529455E+01
    0.190030105243372736E-02    0.356900482242382897E-01    0.551031604250095253E+01   -0.211448979156803585E+01
    0.188188985772495517E-02    0.351616619769532165E-01    0.552935534495215819E+01   -0.203700428040629200E+01
    0.186357083549149017E-02    0.347257901959219586E-01    0.535888195618323504E+01   -0.281736106330131930E+01
    0.184510987271584246E-02    0.346370381106436212E-01    0.543371246042717537E+01   -0.246665353828040912E+01
    0.182830345560155787E-02    0.329377659379953003E-01    0.553391483540556273E+01   -0.200629651381475549E+01
    0.181067024235884578E-02    0.323205400053512490E-01    0.541394719380105727E+01   -0.255746158347984620E+01
    0.179377280170053919E-02    0.310724683755116173E-01    0.535115515855184398E+01   -0.285174537248814275E+01
    0.177763130258307362E-02    0.291511943401443208E-01    0.534909412687656705E+01   -0.285199924417014827E+01
    0.176033387682532783E-02    0.287077051635105385E-01    0.534693601730471268E+01   -0.286167894242587151E+01
    0.174289791612223014E-02    0.286162989511589139E-01    0.537731113653686421E+01   -0.272485071797638678E+01
    0.172699714311127877E-02    0.269464029368325884E-01    0.532474047222428570E+01   -0.296843030247499273E+01
    0.170987058346320359E-02    0.268793218338453342E-01    0.549238200123727793E+01   -0.219758356632296037E+01
    0.169316252061430775E-02    0.265185044019391816E-01    0.537050783500401074E+01   -0.275584020730917345E+01
    0.167643299215442941E-02    0.263780582954219259E-01    0.548774681347246762E+01   -0.221893414314062376E+01
    0.165990246051805576E-02    0.261970089283199703E-01    0.552677680545533523E+01   -0.204816951672001757E+01
    0.164355598469337469E-02    0.259903370605804700E-01    0.542470626007490253E+01   -0.250864277963340410E+01
    0.166245399591329166E-02    0.309171647436196594E-02    0.543661081790924072E+01   -0.245976346731185913E+01
    0.165854322956063326E-02    0.780207049738516900E-02    0.541511918910268619E+01   -0.255452026888101802E+01
    0.166182514180066368E-02    0.384839675791033087E-02    0.538673949519069151E+01   -0.268808842525714375E+01
    0.166075636505555414E-02    0.513507915202574949E-02    0.552429010822413424E+01   -0.205341104697160759E+01
    0.165958578255414897E-02    0.654527424381205845E-02    0.533843475168364101E+01   -0.290181277459305731E+01
    0.166238447010120020E-02    0.317536061264133817E-02    0.542319685497208148E+01   -0.252133183874703359E+01
    0.166223708181837955E-02    0.335269000862298055E-02    0.544356511240416907E+01   -0.242481582151423236E+01
    0.165216288730339069E-02    0.155108189407581892E-01    0.534923290370932136E+01   -0.285900837641459793E+01
    0.166476897349898353E-02    0.308641242520177079E-03    0.536574855486822777E+01   -0.278114532279277027E+01
    0.166479899605670965E-02    0.272573430715981511E-03    0.542670911671034073E+01   -0.250329642012132147E+01
    0.165969088502473006E-02    0.641861716621252177E-02    0.539677620627605048E+01   -0.263861157337384311E+01
    0.165777679656987508E-02    0.872650842661101822E-02    0.536239600481057188E+01   -0.279428512737589507E+01
    0.166456614823888441E-02    0.552323843318550155E-03    0.549156793983036096E+01   -0.220630730282521981E+01
    0.164847597582045433E-02    0.199789394098979084E-01    0.545451914992493059E+01   -0.237976007717345039E+01
    0.166226094374717615E-02    0.332397959446114992E-02    0.548964558760876731E+01   -0.221299144402385650E+01
    0.166226933324700580E-02    0.331388553709857821E-02    0.533999575232323487E+01   -0.289843555166625855E+01
    0.165469580927818144E-02    0.124469777518237158E-01    0.534579019245109421E+01   -0.286829174782266749E+01
    0.166494711377231834E-02    0.946406865129992416E-04    0.538614651112866838E+01   -0.268941328816645564E+01
    0.166266007609697859E-02    0.284380896864806342E-02    0.543626850223206226E+01   -0.246127490967301465E+01
    0.166477650299578670E-02    0.299595567239112120E-03    0.553154657966588825E+01   -0.202152895338665672E+01
    0.165325308742005897E-02    0.141915294298019176E-01    0.540178489973119724E+01   -0.261470888399349510E+01
    0.166231087234827214E-02    0.326390737601056071E-02    0.549719448138073918E+01   -0.218133230073373152E+01
    0.165773564497167483E-02    0.877615577244714173E-02    0.536978348840806685E+01   -0.276582122257251806E+01
    0.166371324161985958E-02    0.157736596002747771E-02    0.536917314709557836E+01   -0.276510015768711215E+01
    0.165726996123850162E-02    0.933806581611628696E-02    0.533367862683033778E+01   -0.292247480009867733E+01
    0.165322809539143918E-02    0.142217634184292306E-01    0.546597653050413967E+01   -0.232650724561672639E+01
    0.165361034297652480E-02    0.137593911629828505E-01    0.551064494275319294E+01   -0.212110378984167891E+01
    0.165855048301178981E-02    0.779332374280205988E-02    0.539272376957217681E+01   -0.266152692737556151E+01
    0.166425723868518006E-02    0.923517527915441181E-03    0.552702678710216944E+01   -0.204354731138478307E+01
    0.165068973974468488E-02    0.172949102372676917E-01    0.549028941338582754E+01   -0.221504464051947725E+01
    0.166213088640565824E-02    0.348046817731184144E-02    0.542909748528530312E+01   -0.249121284244342434E+01
    0.165599398028437898E-02    0.108785178171922139E-01    0.533597431275483114E+01   -0.291211999553107637E+01
    0.165339580475973324E-02    0.140188865585229062E-01    0.533913526608568834E+01   -0.290381040100174870E+01
    0.166354902464675453E-02    0.177478589280797108E-02    0.546016521975259028E+01   -0.234894625378610344E+01
    0.166405249380399255E-02    0.116958222489737347E-02    0.533772416276882655E+01   -0.290616322805836536E+01
    0.166500268692295695E-02    0.278851448741161706E-04    0.548434009754301321E+01   -0.223905489457149853E+01
    0.166502552808381354E-02    0.448547485908043948E-06    0.538707381575958522E+01   -0.268495620754906561E+01
    0.166464607030919779E-02    0.456298639658796635E-03    0.551376743030005478E+01   -0.210421719601101564E+01
    0.164995108118740140E-02    0.181900801266176443E-01    0.535368492660717710E+01   -0.283935339257822150E+01
    0.166485195546009620E-02    0.208951862978347879E-03    0.543105155854777344E+01   -0.248342689221803514E+01
    0.165395289359633818E-02    0.133451277351481594E-01    0.550372954085170729E+01   -0.214671198877015046E+01
    0.166049318552127789E-02    0.545204363279836162E-02    0.548141722883490345E+01   -0.225039286034939634E+01
    0.165277664455022364E-02    0.147679826522602031E-01    0.547182568253366775E+01   -0.229967436192874830E+01
    0.166250456478235411E-02    0.303088098646855453E-02    0.534737354383215635E+01   -0.286268423477942946E+01
    0.165590003215329551E-02    0.109919853747364998E-01    0.542414884064215741E+01   -0.251269687257180241E+01
    0.166278076629519656E-02    0.269863700019136715E-02    0.536988794902581734E+01   -0.276154880128911184E+01
    0.166208656882585633E-02    0.353379510962310763E-02    0.551202949505365059E+01   -0.211321131337964774E+01
    0.166086431068623018E-02    0.500508763131855220E-02    0.532115432889925799E+01   -0.297818781063691329E+01
    0.164896501568437596E-02    0.193857037841307089E-01    0.545524431876754434E+01   -0.237637119874102654E+01
    0.165679843158440766E-02    0.990719065167641223E-02    0.544612231536172153E+01   -0.241196130083893978E+01
    0.166497239662551197E-02    0.642701587986680963E-04    0.545251435811473684E+01   -0.238501894451923580E+01
    0.166421436065155573E-02    0.975046324058780598E-03    0.547198460817518928E+01   -0.229655250756294560E+01
    0.165745609985389389E-02    0.911344560659315024E-02    0.542645415911981832E+01   -0.250742777142889306E+01
    0.166385621165205527E-02    0.140550474505793930E-02    0.545078382914668502E+01   -0.239218973540017776E+01
    0.165687201736404530E-02    0.981836373809720497E-02    0.539582342885429966E+01   -0.264767818200386218E+01
    0.166105128079088943E-02    0.477995234451462220E-02    0.537909341505726246E+01   -0.271939236965687092E+01
    0.164391616275708411E-02    0.255187606545633112E-01    0.550927639959491167E+01   -0.212851410113810990E+01
    0.166396938316501551E-02    0.126947416319242315E-02    0.549928295858661187E+01   -0.216927263783644175E+01
    0.166460265268397268E-02    0.508463712130422570E-03    0.535071550030122189E+01   -0.284858449601531127E+01
    0.166392408992069264E-02    0.132391490138254286E-02    0.538140881379681346E+01   -0.271164770712177727E+01
    0.164543986043349621E-02    0.236658778718536016E-01    0.536583673903535097E+01   -0.277718713057422795E+01
    0.165983337589269034E-02    0.624691681778923643E-02    0.540258470915191413E+01   -0.261628490440993655E+01
    0.164663966740097897E-02    0.222080673779571428E-01    0.546217911648069787E+01   -0.234475248726778673E+01
    0.164951497227978244E-02    0.187187825325120724E-01    0.547250958210244143E+01   -0.228967399909095093E+01
    0.165572098578639420E-02    0.112082496949651861E-01    0.549225952281111596E+01   -0.220530906250368108E+01
    0.166407225853960655E-02    0.114582742351585355E-02    0.540453667878204147E+01   -0.260438740169288474E+01
    0.166330617992394730E-02    0.206676700807476325E-02    0.548041544813471138E+01   -0.225575295237757878E+01
    0.166377769600312576E-02    0.149988489758973859E-02    0.531789317067929712E+01   -0.299516836204173398E+01
    0.166444682270530859E-02    0.695700315166770445E-03    0.540688832398244212E+01   -0.259522514668803428E+01
    0.166408992574240060E-02    0.112459383955640000E-02    0.545023405151818263E+01   -0.239660010900927212E+01
    0.166243270368547939E-02    0.311733205737116858E-02    0.535307757939586981E+01   -0.283714384084852744E+01
    0.165293734815575742E-02    0.145735271052693082E-01    0.551264480861169393E+01   -0.210560437438308012E+01
    0.165215407933148265E-02    0.155214813221162436E-01    0.553373354594608724E+01   -0.201524031965908001E+01
    0.165337860118077600E-02    0.140396966614757118E-01    0.537879357852440698E+01   -0.271945656751930809E+01
    0.164815361603941769E-02    0.203700780235429903E-01    0.538803463488474410E+01   -0.268430974977033721E+01
    0.165803081150263897E-02    0.842007938936255133E-02    0.534204983440651482E+01   -0.288546944625458490E+01
    0.166154758681890226E-02    0.418246098130109142E-02    0.533135651151650425E+01   -0.293354632920492753E+01
    0.166319571107061549E-02    0.219960186822786485E-02    0.537653047650932159E+01   -0.273405864077248584E+01
    0.166160099076214773E-02    0.411817984309178348E-02    0.543534509558760437E+01   -0.246580128586318992E+01
    0.166409150967000144E-02    0.112269018420323315E-02    0.551924232447872853E+01   -0.207938545581771983E+01
    0.166105379169010085E-02    0.477692908166350242E-02    0.540384006857224009E+01   -0.261028736171182540E+01
    0.164823450243249876E-02    0.202719264828973011E-01    0.552543560147249924E+01   -0.204627131637356685E+01
    0.166462590009964573E-02    0.480532417772606426E-03    0.551779137627296912E+01   -0.208458238209785174E+01
    0.165498739678637537E-02    0.120945724117436908E-01    0.548221855542662073E+01   -0.224574744640825896E+01
    0.166489340637583118E-02    0.159157165504251113E-03    0.532754683969999743E+01   -0.295164666409305543E+01
    0.165395266251368452E-02    0.133454071659238217E-01    0.539648410899920083E+01   -0.264509610361887315E+01
    0.164393103859661392E-02    0.255006626851401290E-01    0.551347827860683992E+01   -0.210073817144125297E+01
    0.166292513645447553E-02    0.252499547734933100E-02    0.543641246887927565E+01   -0.246053245820061406E+01
    0.166119635022745639E-02    0.460528813790252178E-02    0.540245694166078039E+01   -0.261299390810450261E+01
    0.164737630656557510E-02    0.213135493395532928E-01    0.541355789585685088E+01   -0.256014149568219329E+01
    0.166344958052584918E-02    0.189434605226473842E-02    0.542628773591539471E+01   -0.250451343951368344E+01
    0.166351426771027566E-02    0.181657281830615853E-02    0.532241206185346538E+01   -0.297340065871019599E+01
    0.164510426850874116E-02    0.240738249016044653E-01    0.535249608176556979E+01   -0.284520110455664943E+01
    0.164783513289697213E-02    0.207565880121349765E-01    0.532661146694979770E+01   -0.295972254112567912E+01
    0.164900960650189374E-02    0.193316211150633896E-01    0.546688037077723266E+01   -0.231549684359402796E+01
    0.166015101398477982E-02    0.586421852074225838E-02    0.535015528347711466E+01   -0.285365012666476803E+01
    0.165059509684690954E-02    0.174095842535801314E-01    0.532359472937307832E+01   -0.297263392753104627E+01
    0.165821642262764806E-02    0.819619846360924997E-02    0.536880288570190167E+01   -0.277017047784560155E+01
    0.165480092630958969E-02    0.123199287895917851E-01    0.532604565879353675E+01   -0.295574061548009359E+01
    0.165251367773526850E-02    0.150862201320191708E-01    0.540129923466388462E+01   -0.261682996202942286E+01
