    0.218467077105861012E-97    0.446744739723905980E+03    0.531484091281890869E+01   -0.219963002204895020E+01
    0.221235321583033759E-95    0.437489216127453801E+03    0.533952748775482178E+01   -0.209954982995986938E+01
    0.392120709414965933E-95    0.436324530555432943E+03    0.520441162586212158E+01   -0.272037464380264282E+01
    0.198068876593499977E-94    0.433065270155008989E+03    0.560904026031494141E+01   -0.210118585824966431E+01
    0.548398023510343659E-94    0.431008497131426225E+03    0.518998050689697266E+01   -0.279412823915481567E+01
    0.256660696364087811E-93    0.427901819702617104E+03    0.533021795749664307E+01   -0.215527307987213135E+01
    0.647179159913970217E-93    0.426032083302905619E+03    0.521130752563476562E+01   -0.270291489362716675E+01
    0.103714215227123021E-89    0.411253370516362736E+03    0.521095609664916992E+01   -0.272494471073150635E+01
    0.110190279379008504E-88    0.406507061334804007E+03    0.535242116451263428E+01   -0.208315020799636841E+01
    0.114306446572252827E-85    0.392598202205357325E+03    0.534095263481140137E+01   -0.215458774566650391E+01
    0.568278045101763700E-81    0.370950065770796925E+03    0.542206943035125732E+01   -0.293375736474990845E+01
    0.916663647103267275E-81    0.369973806184904106E+03    0.531103289127349854E+01   -0.232243937253952026E+01
    0.193823679535503590E-78    0.359245879087938931E+03    0.523632204532623291E+01   -0.267993181943893433E+01
    0.266859698748119928E-75    0.344770820189936330E+03    0.532386505603790283E+01   -0.229821717739105225E+01
    0.107299705514938015E-74    0.341967844288561423E+03    0.522161626815795898E+01   -0.277137887477874756E+01
    0.268001186534588495E-74    0.340117113283085416E+03    0.528014159202575684E+01   -0.250500142574310303E+01
    0.988629134190270045E-74    0.337486457557646077E+03    0.534192168712615967E+01   -0.222556751966476440E+01
    0.836696035062614974E-72    0.328589834037826847E+03    0.520154070854187012E+01   -0.288232159614562988E+01
    0.136977945596721259E-70    0.322978775491223985E+03    0.554287850856781006E+01   -0.235442578792572021E+01
    0.452046442653832418E-70    0.320570845507294848E+03    0.556923067569732666E+01   -0.223236769437789917E+01
    0.108465032338726772E-69    0.318800389491994963E+03    0.522423839569091797E+01   -0.279133921861648560E+01
    0.170195165973134476E-69    0.317879353541486921E+03    0.530417549610137939E+01   -0.242539769411087036E+01
    0.335014870266258955E-69    0.316504895329493991E+03    0.528626787662506104E+01   -0.250943058729171753E+01
    0.151782755412384201E-67    0.308858004281307558E+03    0.527724981307983398E+01   -0.256139987707138062E+01
    0.177278992433877846E-67    0.308527455356767405E+03    0.525182712078094482E+01   -0.267866069078445435E+01
    0.183240686485797623E-66    0.303836133580145031E+03    0.530379533767700195E+01   -0.244654840230941772E+01
    0.300987430330260735E-65    0.298218427416576901E+03    0.527631914615631104E+01   -0.258043158054351807E+01
    0.954974275496098341E-62    0.282073685060036894E+03    0.526284515857696533E+01   -0.266485011577606201E+01
    0.580051738775886911E-61    0.278445649072282151E+03    0.526523244380950928E+01   -0.265895605087280273E+01
    0.426365039686599168E-60    0.274436121734965297E+03    0.534591090679168701E+01   -0.229444628953933716E+01
    0.519119135640055612E-59    0.269417276498475701E+03    0.537099182605743408E+01   -0.218668478727340698E+01
    0.153397997348623305E-57    0.262625131269517283E+03    0.520946633815765381E+01   -0.293801701068878174E+01
    0.276224417077581802E-57    0.261428775655666470E+03    0.523252534866333008E+01   -0.283342605829238892E+01
    0.874629090298926643E-57    0.259103603137652215E+03    0.524804496765136719E+01   -0.276525890827178955E+01
    0.159452801218963646E-56    0.257882536828417017E+03    0.527924561500549316E+01   -0.262349945306777954E+01
    0.842134707631757776E-55    0.249928982591535686E+03    0.521235716342926025E+01   -0.294274157285690308E+01
    0.491243135529128089E-53    0.241776643813856879E+03    0.559404420852661133E+01   -0.207533037662506104E+01
    0.178730404285705364E-52    0.239173594908703194E+03    0.546410202980041504E+01   -0.267012268304824829E+01
    0.224239894248423702E-52    0.238699919136572362E+03    0.527153563499450684E+01   -0.268625146150588989E+01
    0.181166528842279297E-51    0.234501348506831818E+03    0.555408346652984619E+01   -0.225387555360794067E+01
    0.974624797209604907E-51    0.231116076673978029E+03    0.527660369873046875E+01   -0.267384433746337891E+01
    0.705292010044434490E-50    0.227137787803708534E+03    0.521517121791839600E+01   -0.296255296468734741E+01
    0.183650258505590220E-49    0.225203775089393247E+03    0.542376172542572021E+01   -0.200811141729354858E+01
    0.329808145147815447E-48    0.219407649049023576E+03    0.529881274700164795E+01   -0.258871263265609741E+01
    0.330651543953510099E-48    0.219382541096014165E+03    0.532764017581939697E+01   -0.245641887187957764E+01
    0.131507973428439642E-47    0.216601366108711943E+03    0.526626594705572426E+01   -0.274244367870106309E+01
    0.168475949656087557E-47    0.216085915061957024E+03    0.540947842597961426E+01   -0.208651101589202881E+01
    0.248553942567387452E-46    0.210683011101785524E+03    0.540516698360443115E+01   -0.211406362056732178E+01
    0.222527744221883503E-44    0.201673886945250928E+03    0.524113345146179199E+01   -0.288015937805175781E+01
    0.123280135220394349E-43    0.198229901757458151E+03    0.524533486366271973E+01   -0.286591130495071411E+01
    0.264196318046928487E-42    0.192080265235690490E+03    0.538865375518798828E+01   -0.221694934368133545E+01
    0.393300592302113648E-42    0.191264501776370196E+03    0.551296818256378174E+01   -0.241397094726562500E+01
    0.532285874098103062E-42    0.190639288742516044E+03    0.554325854778289795E+01   -0.227456688880920410E+01
    0.278911746591912709E-39    0.178096348766595270E+03    0.534779977798461914E+01   -0.242508816719055176E+01
    0.118452775884155866E-36    0.165973600300473493E+03    0.543388550816119675E+01   -0.204954145046333647E+01
    0.119292267617103879E-36    0.165939476006487894E+03    0.556503677368164062E+01   -0.215661233663558960E+01
    0.359715777787773626E-36    0.163712000604313857E+03    0.533795571327209473E+01   -0.249228686094284058E+01
    0.534434685876220022E-36    0.162900209978632574E+03    0.559706318378448486E+01   -0.200773656368255615E+01
    0.151890909006226688E-35    0.160791133726753458E+03    0.535634253942615945E+01   -0.241246805882299542E+01
    0.200762349583267309E-35    0.160213215108964704E+03    0.543598343976044696E+01   -0.274489817551635484E+01
    0.161397781634955027E-34    0.156024544636850834E+03    0.541047053428584857E+01   -0.217199249071371359E+01
    0.214506556816689978E-34    0.155435608047677903E+03    0.542450392246246338E+01   -0.210873800516128540E+01
    0.299537633105735980E-34    0.154747808533760718E+03    0.550245487689971924E+01   -0.243475651741027832E+01
    0.178083326751056624E-31    0.141952274964196619E+03    0.549767971038818359E+01   -0.244609892368316650E+01
    0.286127271995229528E-31    0.140983904663715464E+03    0.542854456930224138E+01   -0.276335056689097769E+01
    0.760603684876502743E-31    0.139008553220976609E+03    0.540968545725615790E+01   -0.284862439691957237E+01
    0.889826486526308182E-30    0.134069554945827235E+03    0.554749587752479645E+01   -0.221080148179856106E+01
    0.209941820940527397E-29    0.132332776830971994E+03    0.545647506113264225E+01   -0.262715839483864366E+01
    0.222237789526303180E-29    0.132198941864117899E+03    0.548530745506286621E+01   -0.249445748329162598E+01
    0.551120431442187041E-29    0.130362531021097539E+03    0.532953348366629776E+01   -0.258417900262416733E+01
    0.795146919394401918E-29    0.129609383925659529E+03    0.539472711086273193E+01   -0.228636646270751953E+01
    0.360916807870822644E-28    0.126563972578042851E+03    0.542618739604949951E+01   -0.214740753173828125E+01
    0.521018160849494035E-28    0.125809697745726226E+03    0.525679266452789307E+01   -0.292663228511810303E+01
    0.230508222807203611E-27    0.122815524286214242E+03    0.543474006652832031E+01   -0.211452811956405640E+01
    0.583275630427371894E-27    0.120938777649204496E+03    0.544675099849700928E+01   -0.206276476383209229E+01
    0.620471054907284704E-27    0.120795139446297881E+03    0.531842297222807669E+01   -0.265121451743380243E+01
    0.854616440795977778E-27    0.120134791835330489E+03    0.530297172069549561E+01   -0.272340971231460571E+01
    0.228314792760438610E-26    0.118149476477979050E+03    0.535068464279174805E+01   -0.250746643543243408E+01
    0.312459731851221739E-26    0.117501975965800014E+03    0.550627125090032976E+01   -0.238466563480263893E+01
    0.564437436498134175E-26    0.116299268076382276E+03    0.541900898914023976E+01   -0.219745690746106392E+01
    0.267113954774763750E-25    0.113170406256891667E+03    0.540609443187713623E+01   -0.226191323995590210E+01
    0.414184714086175889E-25    0.112273132898183491E+03    0.548573663271264955E+01   -0.247388980267635272E+01
    0.992311266171921904E-25    0.110505683316506136E+03    0.551603174209594727E+01   -0.233308923244476318E+01
    0.131481422023577636E-24    0.109922855670918764E+03    0.527397274971008301E+01   -0.287453258037567139E+01
    0.147692089972160664E-23    0.105065157346605872E+03    0.536281119269646034E+01   -0.247440464114252778E+01
    0.254271257071142262E-23    0.103958613336630734E+03    0.534562435724069385E+01   -0.255526793042667277E+01
    0.155874406158052380E-22    0.100312145238920294E+03    0.528579807281494141E+01   -0.283701992034912109E+01
    0.876479159820473416E-22    0.968384205724616436E+02    0.541920995712280273E+01   -0.223054534196853638E+01
    0.995483359789689026E-22    0.965637896115729575E+02    0.531682181358337402E+01   -0.270092046260833740E+01
    0.259641721411754331E-21    0.946264708691790162E+02    0.537600505352020264E+01   -0.243253839015960693E+01
    0.747326227296110256E-21    0.924920726286656389E+02    0.536808539978166266E+01   -0.247277690074646195E+01
    0.333433669598849948E-20    0.894810181478333249E+02    0.530761659926811102E+01   -0.275630379099398581E+01
    0.624357259103108400E-20    0.882064605851658428E+02    0.553527091317427189E+01   -0.222133974692712677E+01
    0.960630397113138106E-20    0.873247265902420509E+02    0.537654049276687473E+01   -0.244354750496032258E+01
    0.156715772976280072E-19    0.863258682665743180E+02    0.549072540324702185E+01   -0.242347868227632812E+01
    0.160089062724424814E-19    0.862632752646907051E+02    0.530572772026062012E+01   -0.277103060483932495E+01
    0.159009278314851662E-18    0.816516405740918714E+02    0.543180360452934519E+01   -0.220103038825917707E+01
    0.198819311892021244E-18    0.811847728198532650E+02    0.554325616359710693E+01   -0.217662495374679565E+01
    0.224391052223368026E-18    0.809227850862379370E+02    0.540451514720916748E+01   -0.232739287614822388E+01
    0.280291942063468807E-18    0.804579022630627634E+02    0.536095714569091797E+01   -0.252810460329055786E+01
    0.646359604185951771E-18    0.787668536600304208E+02    0.542387470971861596E+01   -0.224286526184746471E+01
    0.212845992380445379E-17    0.763632577700576860E+02    0.542040353138049635E+01   -0.226343189157994562E+01
    0.223012855105061207E-17    0.762499366654827355E+02    0.530915238530857891E+01   -0.277454087121653448E+01
    0.105479067153724438E-16    0.731222002762647207E+02    0.529165750944372526E+01   -0.286136359529717987E+01
    0.114405245373268978E-16    0.729397314533949839E+02    0.545472419261932373E+01   -0.211311602592468262E+01
    0.269668741090815857E-16    0.712048366696936483E+02    0.528311666633003441E+01   -0.290460648929748544E+01
    0.309196396677757492E-16    0.709112719856116485E+02    0.541894322192501932E+01   -0.228091792693040851E+01
    0.109134176543895342E-15    0.683688989201968980E+02    0.532647855733599052E+01   -0.271058063155290707E+01
    0.129502682465966883E-15    0.680066519356299608E+02    0.542029207064877383E+01   -0.228061451652798874E+01
    0.129964653176276941E-15    0.679795300958450781E+02    0.528082242516344369E+01   -0.292176415511204235E+01
    0.154294084691860052E-15    0.676163342810783945E+02    0.527454384642634722E+01   -0.295148637667066360E+01
    0.411614301280994060E-15    0.656338816276520589E+02    0.534681922250964359E+01   -0.262264850125124704E+01
    0.604455870939960623E-15    0.648453977925985185E+02    0.555318200588226318E+01   -0.211048007011413574E+01
    0.751565781380266054E-15    0.643897376479212369E+02    0.539409804344177246E+01   -0.284064173698425293E+01
    0.900856394661356674E-15    0.640073634045025557E+02    0.543043478051900497E+01   -0.267266145299079216E+01
    0.161121078794233764E-14    0.628245726904525483E+02    0.547875547409057617E+01   -0.202386283874511719E+01
    0.159801830376387152E-14    0.628210159646644044E+02    0.548130418598672353E+01   -0.243715135307199660E+01
    0.360469285676826099E-14    0.611740714318113419E+02    0.537712048826835787E+01   -0.291450872263053995E+01
    0.576047481773676538E-14    0.602165047576712595E+02    0.541996390394600258E+01   -0.229835001211100076E+01
    0.721896512260971115E-14    0.597451213519361986E+02    0.535937821865081787E+01   -0.257734096050262451E+01
    0.765345601702076291E-14    0.596082299420550115E+02    0.528814453769667292E+01   -0.290560244133421808E+01
    0.132536337737966843E-13    0.584900010437368891E+02    0.547924026678418130E+01   -0.203083768686694732E+01
    0.222558069075206674E-13    0.574333386492229110E+02    0.553869032859802246E+01   -0.216639614105224609E+01
    0.241972662865586057E-13    0.572460652407287185E+02    0.548452689823531259E+01   -0.241441517758677726E+01
    0.364624097040772576E-13    0.564059808499903852E+02    0.542071252874581155E+01   -0.270657844643238166E+01
    0.644271328234592419E-13    0.552474748445303874E+02    0.535728919506072998E+01   -0.299746650457382202E+01
    0.676581810186257679E-13    0.551296080098729320E+02    0.545270904641215992E+01   -0.255744511039023692E+01
    0.132936563310155704E-12    0.537588004738742100E+02    0.542538344860076904E+01   -0.228758358955383301E+01
    0.176182084132378929E-12    0.531755085092126123E+02    0.529569273773424065E+01   -0.288495950869589324E+01
    0.174505452217607310E-12    0.531746325956528096E+02    0.544753265380859375E+01   -0.218747085332870483E+01
    0.389052850972657088E-12    0.515511141714161596E+02    0.529921122015593937E+01   -0.287241312790625347E+01
    0.100194532816791324E-11    0.496391471326625577E+02    0.546509323729668850E+01   -0.211512801129821693E+01
    0.196612123981290727E-11    0.482709086334162407E+02    0.545965875820071389E+01   -0.251482721750469285E+01
    0.278676494920646213E-11    0.475532711962762278E+02    0.546331711259114350E+01   -0.249685228173693385E+01
    0.318552816963521776E-11    0.472657977983643036E+02    0.540060653982027628E+01   -0.241598424844686477E+01
    0.440255243704783538E-11    0.465986650654759700E+02    0.543798494338989258E+01   -0.261174237728118896E+01
    0.437107586004973232E-11    0.465930156675209091E+02    0.542117046310269579E+01   -0.232327677266919341E+01
    0.452761418927254377E-11    0.465026437461546820E+02    0.544527992880003353E+01   -0.221306190858003848E+01
    0.875766125967350364E-11    0.451631762299701407E+02    0.547061189382894320E+01   -0.245938920300367370E+01
    0.924386640603326900E-11    0.450351135289124329E+02    0.537191543415609907E+01   -0.255297959885578107E+01
    0.111241777749526406E-10    0.446447921746942384E+02    0.543021827025744397E+01   -0.228644251073463911E+01
    0.354332887565460045E-10    0.423077305323327124E+02    0.535524368917361393E+01   -0.298591938510352284E+01
    0.362895026599763220E-10    0.422399769765401700E+02    0.545403245663469249E+01   -0.218321621394731835E+01
    0.644782335901854193E-10    0.410703786033374243E+02    0.556126705792652665E+01   -0.203696061856679167E+01
    0.701852562030370716E-10    0.408807574828462919E+02    0.532447688346095926E+01   -0.278135729109561147E+01
    0.127803412622436524E-09    0.396620475207515852E+02    0.533306261379669166E+01   -0.274487169973381961E+01
    0.177665782463539401E-09    0.389832256921327769E+02    0.554409813880920410E+01   -0.211174988746643066E+01
    0.240108920452675478E-09    0.383608486983785113E+02    0.550916532190685437E+01   -0.227057578688851214E+01
    0.315813474647870753E-09    0.377927304711828640E+02    0.530836249095893287E+01   -0.286345349659780002E+01
    0.110491393354993679E-08    0.352679885641407509E+02    0.555240273475646973E+01   -0.206680941581726074E+01
    0.208114906763654128E-08    0.339816830965527714E+02    0.529292345046997070E+01   -0.294472169876098633E+01
    0.224307438012414602E-08    0.338118286196555431E+02    0.540389657020568848E+01   -0.243449276685714722E+01
    0.407720504761916564E-08    0.325967000189880167E+02    0.551414537883988842E+01   -0.223666363016235126E+01
    0.466680240113784524E-08    0.323065751986685470E+02    0.540346008238255937E+01   -0.274454989444876940E+01
    0.520644453763003989E-08    0.320677290668203767E+02    0.546347221037347719E+01   -0.216623349823038236E+01
    0.864536270135722021E-08    0.310334773050343387E+02    0.543161836872507298E+01   -0.231494720467503701E+01
    0.100293868954215000E-07    0.307164845055753233E+02    0.551991674669625887E+01   -0.220637321736039915E+01
    0.116121508349816105E-07    0.304034193803207238E+02    0.536831498426866460E+01   -0.260726547340929216E+01
    0.143089825824889822E-07    0.299657484662687139E+02    0.534270796102440393E+01   -0.272630644480900530E+01
    0.142975760407115969E-07    0.299473434211225467E+02    0.548327417999415090E+01   -0.208153273242563053E+01
    0.154571862276916681E-07    0.297713754052107227E+02    0.528935470519129058E+01   -0.297285337084370882E+01
    0.195921072236411185E-07    0.292772698667078402E+02    0.538086468426875264E+01   -0.255277330281472503E+01
    0.196215921964083828E-07    0.292542622465383602E+02    0.538083612918853760E+01   -0.284244024753570557E+01
    0.297144393902917534E-07    0.284042572467904968E+02    0.531819951534271240E+01   -0.284368985891342163E+01
    0.308803563167793409E-07    0.283072829239414787E+02    0.547686803340911865E+01   -0.211548727750778198E+01
    0.375840755301077433E-07    0.278943625765347640E+02    0.538559949398040771E+01   -0.253500276803970337E+01
    0.572465769757913125E-07    0.270327877519712025E+02    0.554543544357304441E+01   -0.208162775764587504E+01
    0.755474641566518189E-07    0.264580012055233738E+02    0.534667541097471499E+01   -0.299394590973772567E+01
    0.821691235136573449E-07    0.262699642413483936E+02    0.532797420024871826E+01   -0.280492186546325684E+01
    0.991228570993919488E-07    0.258748033285204606E+02    0.539080009399047366E+01   -0.278894530346878966E+01
    0.132907199391830051E-06    0.252682211801369547E+02    0.534501683712005615E+01   -0.272944343090057373E+01
    0.136005967107504171E-06    0.252021259305050727E+02    0.542506155394829914E+01   -0.262959886925436370E+01
    0.198045798006617134E-06    0.244305268376094382E+02    0.541715518381638450E+01   -0.240049877512769072E+01
    0.199615345745048339E-06    0.243947389648085462E+02    0.543589692296595928E+01   -0.231467883319513845E+01
    0.377777816252673532E-06    0.230989109814064086E+02    0.543718138068610024E+01   -0.256881523794685984E+01
    0.710328067728951960E-06    0.218160695905549886E+02    0.539625978469848633E+01   -0.275395476818084717E+01
    0.845932436201988718E-06    0.214466444640898324E+02    0.547078068410729301E+01   -0.216422499432214011E+01
    0.107216229070704475E-05    0.209526580101185367E+02    0.544495763840761704E+01   -0.228407023705829904E+01
    0.149920283922102288E-05    0.202621458410202564E+02    0.549078416824340820E+01   -0.231551182270050049E+01
    0.166649352900202672E-05    0.200305694221267458E+02    0.545815368824148450E+01   -0.246462286156887300E+01
    0.170601935288083184E-05    0.199636873076387964E+02    0.536621104031460217E+01   -0.264883764833575430E+01
    0.231405891086380867E-05    0.193340067198648882E+02    0.539875889731442626E+01   -0.273592409225404598E+01
    0.231707245332523200E-05    0.193114038631115079E+02    0.546111985681189971E+01   -0.244907549366309762E+01
    0.264869352327347947E-05    0.190238798769823809E+02    0.551446727501173761E+01   -0.220367981665625257E+01
    0.265978372474875486E-05    0.189955232676635646E+02    0.537685668140930417E+01   -0.283595434900788979E+01
    0.361618285824255981E-05    0.183611748727576156E+02    0.549377927289899404E+01   -0.206935715380632557E+01
    0.365723862794120855E-05    0.183185961148388294E+02    0.546964980388573352E+01   -0.217987845427813731E+01
    0.421433030586101636E-05    0.180150315030963171E+02    0.550597912722008331E+01   -0.201479965736320565E+01
    0.423223278779649762E-05    0.179865534944461025E+02    0.531438248773676314E+01   -0.289439945756245631E+01
    0.440002755634342170E-05    0.178887912862489706E+02    0.542838332186976213E+01   -0.259556709113083128E+01
    0.468502160128676887E-05    0.177432718408421763E+02    0.538050662567903171E+01   -0.281561958884261587E+01
    0.566321825666992894E-05    0.173440282392486331E+02    0.539802584828864607E+01   -0.251167415947195138E+01
    0.589419195542649885E-05    0.172440779902224861E+02    0.536547520891363128E+01   -0.266165615819768275E+01
    0.639552314881425247E-05    0.170608164184728608E+02    0.533460233025684172E+01   -0.280446971366544906E+01
    0.772081256360638389E-05    0.166641736679668391E+02    0.542984199810308255E+01   -0.236810899972156363E+01
    0.926085854842617754E-05    0.162804193733228217E+02    0.548696126451796218E+01   -0.210792773159324254E+01
    0.923643542175266738E-05    0.162657008249569017E+02    0.532083035685174899E+01   -0.287086358966406285E+01
    0.128720335115448877E-04    0.155818988674052932E+02    0.548227318142309805E+01   -0.213194693334578211E+01
    0.131020310626353394E-04    0.155264783713919172E+02    0.538710298081290784E+01   -0.256850231283386909E+01
    0.140893153922873397E-04    0.153611794206049339E+02    0.542149043083190918E+01   -0.241122472286224365E+01
    0.174897848244875960E-04    0.149087789213065953E+02    0.548431689497175867E+01   -0.232988162253284470E+01
    0.260167204409178939E-04    0.140945340432554467E+02    0.539249082052413886E+01   -0.254922740196614228E+01
    0.303148432536581556E-04    0.137687379558219742E+02    0.541677911002243118E+01   -0.263644992468054973E+01
    0.301984659159701703E-04    0.137564306424565146E+02    0.551718745960732093E+01   -0.217561446001811776E+01
    0.309533717059340716E-04    0.136870490264389595E+02    0.529680963609235178E+01   -0.299161974151322729E+01
    0.320283972194004374E-04    0.135987670488932704E+02    0.545191296466003195E+01   -0.227855007279967037E+01
    0.339172159346845219E-04    0.134641674333530315E+02    0.539697167733050431E+01   -0.253113264136095006E+01
    0.337601158921642619E-04    0.134534526885755721E+02    0.542777957041147197E+01   -0.258481643982167952E+01
    0.360256417066348255E-04    0.133035509845863764E+02    0.545361338952184482E+01   -0.246561038146949230E+01
    0.362000204312210518E-04    0.132738935272089531E+02    0.529863309321335585E+01   -0.298485644766419966E+01
    0.549769611036103294E-04    0.124181844767714402E+02    0.552755767405865317E+01   -0.212368463342903535E+01
    0.737718504039566541E-04    0.118100584376638587E+02    0.545812606841964953E+01   -0.243977326994508559E+01
    0.768307492278739773E-04    0.117088030124808427E+02    0.544463389258046604E+01   -0.250137357258458204E+01
    0.102403955452133008E-03    0.111141622150255817E+02    0.540729975700378418E+01   -0.249348115921020508E+01
    0.101792599708487220E-03    0.111061380795519984E+02    0.550122296810150146E+01   -0.206319612264633179E+01
    0.115131630323265065E-03    0.108398607230656392E+02    0.536856858219619681E+01   -0.284834234331056457E+01
    0.116963762986725163E-03    0.107882845561427576E+02    0.531581985950469971E+01   -0.291601943969726562E+01
    0.122947804540469036E-03    0.106684930697097418E+02    0.544634303661332542E+01   -0.248972692254508310E+01
    0.128527949523419579E-03    0.105597201202626358E+02    0.544946677878455965E+01   -0.247497196553680165E+01
    0.140250673106574839E-03    0.103651502062185124E+02    0.548176097869873047E+01   -0.232604765892028809E+01
    0.150627580140834264E-03    0.102023920263409966E+02    0.535176097412366580E+01   -0.292348923696891427E+01
    0.227503839057895829E-03    0.935767866721205266E+01    0.550197699050194977E+01   -0.222947881004221937E+01
    0.236598942137721896E-03    0.925927993280039630E+01    0.543929610261414265E+01   -0.235506024721361928E+01
    0.235105206315344657E-03    0.925194669284731219E+01    0.533941507339477539E+01   -0.281424278020858765E+01
    0.263116322729651738E-03    0.900682044138216042E+01    0.534685175933368928E+01   -0.278114331495866374E+01
    0.289893992089791338E-03    0.879298227039908120E+01    0.546482829735413578E+01   -0.239748431176855670E+01
    0.303886810332340681E-03    0.867870229838992735E+01    0.547584913517465477E+01   -0.234645349595222985E+01
    0.328493746209351811E-03    0.850297729301083116E+01    0.543386561094487242E+01   -0.253845221414891098E+01
    0.334921127490668698E-03    0.844422276611226152E+01    0.549507689967330393E+01   -0.210354510245986370E+01
    0.341703380442552628E-03    0.838412678949814705E+01    0.534271706149052417E+01   -0.280323920024306705E+01
    0.365041251855514014E-03    0.823199216171166448E+01    0.534374799681917523E+01   -0.279924721048012159E+01
    0.372030531401618971E-03    0.817406104453771576E+01    0.533468517726023528E+01   -0.299407044744218709E+01
    0.476745016215154751E-03    0.765804931214727969E+01    0.551764887088360467E+01   -0.200430413162140741E+01
    0.518044108331779693E-03    0.747189211396085806E+01    0.545678226191291493E+01   -0.228375847636654994E+01
    0.525343169247461696E-03    0.742390948414635243E+01    0.535626845312925504E+01   -0.289105657679156591E+01
    0.549504650958070355E-03    0.731397841808925175E+01    0.536401881802243263E+01   -0.285479276117137948E+01
    0.574081314773418859E-03    0.720647079435965843E+01    0.537591966596808302E+01   -0.279941764846859042E+01
    0.689322150009978639E-03    0.682059544679116492E+01    0.546469214064189757E+01   -0.238937437377723327E+01
    0.714366569615179810E-03    0.672922042683718136E+01    0.541733551498583310E+01   -0.260647270411954413E+01
    0.725565340113728152E-03    0.667811063276516581E+01    0.546688342094421387E+01   -0.224172377586364746E+01
    0.728998278005038710E-03    0.664867015392309746E+01    0.550453806820443425E+01   -0.206957793416946068E+01
    0.810786568650046619E-03    0.641600319589252077E+01    0.534427773952484131E+01   -0.280642735958099365E+01
    0.803564559511719175E-03    0.641389783403366920E+01    0.544532418656632622E+01   -0.247631354007043347E+01
    0.804232052576349084E-03    0.639223719338307639E+01    0.535714694699449900E+01   -0.274726869208666091E+01
    0.866085849962897427E-03    0.622404481855814673E+01    0.535343053301671556E+01   -0.276533984858668624E+01
    0.884304562418925053E-03    0.616240983181913560E+01    0.532521617412567139E+01   -0.289577001333236694E+01
    0.100627426962971280E-02    0.588399299901165751E+01    0.551425903413104379E+01   -0.215762119894131521E+01
    0.103015123485167997E-02    0.581709109287221970E+01    0.538008638821580298E+01   -0.264498706037017906E+01
    0.109656584925172653E-02    0.567213565348500293E+01    0.552672718935936391E+01   -0.209947582811902045E+01
    0.144741740789344330E-02    0.509694059493056617E+01    0.539074205792021743E+01   -0.260034083893621437E+01
    0.150980221634111449E-02    0.499254501631991410E+01    0.551879756525228693E+01   -0.201407506185949092E+01
    0.158816783016394771E-02    0.487134024822106415E+01    0.548715759143005855E+01   -0.215952730760343981E+01
    0.165149013232313599E-02    0.477314635399968346E+01    0.535110883049987329E+01   -0.290133504840008083E+01
    0.171459200204460865E-02    0.467815203043886729E+01    0.535368451864814876E+01   -0.277356765559666174E+01
    0.175997919990209992E-02    0.460589835421898730E+01    0.540304378021316278E+01   -0.266101244332578002E+01
    0.174740276167048743E-02    0.460024123705230803E+01    0.533155063018280373E+01   -0.299064700421963092E+01
    0.176240397559876893E-02    0.456314479112392135E+01    0.533833430462482816E+01   -0.284507425144267945E+01
    0.177164285597236257E-02    0.453268776906270077E+01    0.540540532760902259E+01   -0.264971421279533592E+01
    0.178306539200246252E-02    0.449983430875200607E+01    0.541433122095488351E+01   -0.260845807778692684E+01
    0.193867369020848056E-02    0.431249418684680830E+01    0.547998681068556515E+01   -0.219599596091898519E+01
    0.196600358325180538E-02    0.426449664703737064E+01    0.545496013214805053E+01   -0.242038343951628487E+01
    0.210051382222153004E-02    0.411213835160629859E+01    0.544018818921378156E+01   -0.237972593715928449E+01
    0.213534545549405987E-02    0.405924545681766258E+01    0.533342055778919288E+01   -0.297871298505936144E+01
    0.211619956259533710E-02    0.405725869411564677E+01    0.550303924224806984E+01   -0.219870843697779161E+01
    0.212811006696297760E-02    0.402603374902718691E+01    0.552109956741333008E+01   -0.211585295200347900E+01
    0.211444621561100721E-02    0.401891645245951690E+01    0.539509184048762069E+01   -0.258744852518457114E+01
    0.214825331308627276E-02    0.396719213683321703E+01    0.533680563472508496E+01   -0.296249281266601994E+01
    0.227407345393095201E-02    0.383335694280983930E+01    0.542887568651342090E+01   -0.243358056929761890E+01
    0.239309209343732329E-02    0.371132975030901724E+01    0.546989667415618896E+01   -0.224638450145721436E+01
    0.251836698623130297E-02    0.358928099544461876E+01    0.552623212337493896E+01   -0.208956205844879150E+01
    0.255956998720874383E-02    0.353682379443312422E+01    0.541071461110731189E+01   -0.261901707944777629E+01
    0.263569174762053309E-02    0.345821099499180029E+01    0.535412480358770182E+01   -0.278005295092049964E+01
    0.273660812601660922E-02    0.336306384901797051E+01    0.549002687434768877E+01   -0.225376514754040880E+01
    0.299131954611797039E-02    0.316507311606142183E+01    0.543210395166182369E+01   -0.251811604810013590E+01
    0.306525559159423391E-02    0.309624042306988034E+01    0.546537997773480910E+01   -0.236486974099960134E+01
    0.313658498535818349E-02    0.303023308812380199E+01    0.552859221079479912E+01   -0.207489341507422775E+01
    0.312215838197248130E-02    0.301945323222583184E+01    0.545156400630429872E+01   -0.242770433070799818E+01
    0.316834005924078541E-02    0.297008671545751923E+01    0.540745759972831141E+01   -0.263000903076624049E+01
    0.323298131668864949E-02    0.290969289613032389E+01    0.537094754907100835E+01   -0.279768182218561900E+01
    0.338936531762434271E-02    0.279521697185570739E+01    0.548106971905976259E+01   -0.229071198829591527E+01
    0.338346770841226573E-02    0.277870007009837261E+01    0.533893859902676748E+01   -0.294436678897189807E+01
    0.339111786286129882E-02    0.275418309552016050E+01    0.546445941158664272E+01   -0.236655624260234143E+01
    0.336533481694252555E-02    0.274944741974206774E+01    0.548422169608686438E+01   -0.227591890399771435E+01
    0.338357480443105202E-02    0.271863676562312850E+01    0.548764451844794987E+01   -0.217281546982304086E+01
    0.335470468907843235E-02    0.271577484488357035E+01    0.536668772027714169E+01   -0.281584392307707798E+01
    0.335325463972447778E-02    0.269663951880626440E+01    0.539162690603801131E+01   -0.270079510921209653E+01
    0.332606131723668695E-02    0.269292470304372733E+01    0.535605347156524658E+01   -0.286470973491668701E+01
    0.345666895689440961E-02    0.259589154345068085E+01    0.533481108116904323E+01   -0.287602390071148495E+01
    0.346635122273726039E-02    0.257029729590878553E+01    0.541001674646115749E+01   -0.261517747573228210E+01
    0.350650352892724034E-02    0.252726354492410499E+01    0.553745854519058334E+01   -0.203053684237427090E+01
    0.358119741953768491E-02    0.246510789726533730E+01    0.548684781590131276E+01   -0.217863250276238629E+01
    0.356121530819072767E-02    0.245629860507906272E+01    0.552791247413446118E+01   -0.207361302206138909E+01
    0.353375302472076075E-02    0.245178136374975653E+01    0.549051279971700978E+01   -0.224475233279452180E+01
    0.354485718368769591E-02    0.242550659073731856E+01    0.544668334893641504E+01   -0.244552736259138115E+01
    0.358896512445304417E-02    0.238077454615566486E+01    0.538336422203573051E+01   -0.265423591840920059E+01
    0.363846970701698583E-02    0.233337596952185455E+01    0.549770488801564028E+01   -0.221083936964190997E+01
    0.363085159207187508E-02    0.231756789744499647E+01    0.550353671401342481E+01   -0.210358414350723510E+01
    0.380114701416099827E-02    0.220589660166875756E+01    0.548984547098131692E+01   -0.224576008461147847E+01
    0.377762332859401173E-02    0.219831221003112054E+01    0.536653312097977864E+01   -0.281232683349637513E+01
    0.374655048136212808E-02    0.219483124569654464E+01    0.550310325287683799E+01   -0.218495123076523168E+01
    0.377197191798478871E-02    0.216130649593929691E+01    0.545205074095586717E+01   -0.241866657626682668E+01
    0.375380065155637771E-02    0.215096466807958464E+01    0.550710403919219971E+01   -0.208879882097244263E+01
    0.403222803575628824E-02    0.198786416439057878E+01    0.533859088027427120E+01   -0.293937853134915983E+01
    0.400726999390228940E-02    0.198028191581729440E+01    0.545205744380933766E+01   -0.234248645018596857E+01
    0.398597987970201323E-02    0.197093598763201627E+01    0.538283530105446761E+01   -0.266051099471205843E+01
    0.395741121551582229E-02    0.196532217963676170E+01    0.544346937532805963E+01   -0.245631380120186016E+01
    0.395421889179845259E-02    0.194693617010259490E+01    0.534225475788116455E+01   -0.292208695411682129E+01
    0.406299527253402380E-02    0.187266142877619157E+01    0.542900266994519143E+01   -0.252190072348145300E+01
    0.412223470393311212E-02    0.182371149534279864E+01    0.543940020351282882E+01   -0.247368107525046632E+01
    0.410700083424846412E-02    0.181111625949890809E+01    0.536669226905443253E+01   -0.280807698047502008E+01
    0.407202294911109593E-02    0.180822250557430908E+01    0.535744723357234776E+01   -0.277904084678627550E+01
    0.416929601392237482E-02    0.174100793578977453E+01    0.547377882726849752E+01   -0.231515674304597274E+01
    0.437911971704952468E-02    0.162280688301050691E+01    0.551155752419327083E+01   -0.214096233811737857E+01
    0.434110647451362106E-02    0.162024380837816984E+01    0.548508887915235288E+01   -0.219483331579514962E+01
    0.431765646308969898E-02    0.161107679638120960E+01    0.551623670782399689E+01   -0.211943464077650034E+01
    0.438262543869345506E-02    0.156120641562931373E+01    0.537773821803061125E+01   -0.268821708667183401E+01
    0.444989970970182964E-02    0.151073921814750389E+01    0.535818987101677191E+01   -0.277880085884235140E+01
    0.476569589882904713E-02    0.135361519516772377E+01    0.547351617294441262E+01   -0.225081445107807143E+01
    0.472559858842618724E-02    0.135051385909857102E+01    0.532246307909119309E+01   -0.294543096306781349E+01
    0.472569655697185030E-02    0.133047239661362116E+01    0.548260060440981789E+01   -0.227047139001306730E+01
    0.473760841317002850E-02    0.130543742731824142E+01    0.535142671623121657E+01   -0.281234716591993772E+01
    0.473665729517507277E-02    0.128583898582522460E+01    0.550717153726892406E+01   -0.209757308375859353E+01
    0.472142131441919289E-02    0.127228257529573274E+01    0.538345766067504883E+01   -0.266522765159606934E+01
    0.469370932722709602E-02    0.126405599332799912E+01    0.541195650234016057E+01   -0.253428867310434081E+01
    0.466843439282916411E-02    0.125485480033553398E+01    0.539693527850246291E+01   -0.260344447700533177E+01
    0.470389184912224645E-02    0.121972189755656513E+01    0.541929070567100535E+01   -0.250114026536275080E+01
    0.469489521533442838E-02    0.120355074758747405E+01    0.548928842342535628E+01   -0.223838416408116059E+01
    0.467886461248794537E-02    0.119039138305024594E+01    0.552193864281291091E+01   -0.203122034540243046E+01
    0.468979183642727511E-02    0.116572594187239886E+01    0.542860790845772634E+01   -0.245903142916322626E+01
    0.464679163912189597E-02    0.116414831294644805E+01    0.542615218355978080E+01   -0.247032576860419439E+01
    0.461954273419817613E-02    0.115591088587757773E+01    0.551664037169316046E+01   -0.205587196328883870E+01
    0.476433644817216267E-02    0.107418579162180383E+01    0.536392307281494141E+01   -0.281285279989242554E+01
    0.484978499883415709E-02    0.101863358804556281E+01    0.543241588846012124E+01   -0.244346887795961054E+01
    0.480239980641258574E-02    0.101827083041467104E+01    0.548176180254403889E+01   -0.227060173674089505E+01
    0.476238149824664923E-02    0.101500661993389474E+01    0.533704161915996522E+01   -0.288238707447883824E+01
    0.494091175600033013E-02    0.921402575381369493E+00    0.539504861727121288E+01   -0.261649459641944970E+01
    0.492014575524121929E-02    0.909826025475686806E+00    0.543570586000596379E+01   -0.248043780396922031E+01
    0.489421687125499334E-02    0.900393780224296392E+00    0.545915591817900747E+01   -0.237268368823478726E+01
    0.487946127070036477E-02    0.886432698859039525E+00    0.552882593325303784E+01   -0.200379333010272465E+01
    0.484488976056529196E-02    0.880653352011402712E+00    0.548567292092786651E+01   -0.220125481605553608E+01
    0.483968533653298533E-02    0.862802924700412310E+00    0.552416622557548465E+01   -0.202542960876279654E+01
    0.484724096156730934E-02    0.839682997353374927E+00    0.534080855505584218E+01   -0.286749998249602500E+01
    0.483563461233380010E-02    0.824477587432903225E+00    0.541406864221532391E+01   -0.257866933531437370E+01
    0.487974867300960177E-02    0.786314901491850904E+00    0.553027873402478320E+01   -0.204539707934562376E+01
    0.516007478551972366E-02    0.654600190292117246E+00    0.536286450710964679E+01   -0.281182046320103796E+01
    0.511651583370373742E-02    0.651554923353322102E+00    0.532335955963197360E+01   -0.299409677689075338E+01
    0.509294435084780943E-02    0.640790093210529599E+00    0.535196508558286510E+01   -0.281920829173431020E+01
    0.505107835959168160E-02    0.637298821615766897E+00    0.533950108882265617E+01   -0.287674809993129976E+01
    0.500323828557591287E-02    0.636331615884703994E+00    0.539431577606613288E+01   -0.262427242024119156E+01
    0.500226795524482196E-02    0.616719534421069970E+00    0.543591226959408758E+01   -0.247512097815492282E+01
    0.501395746610364384E-02    0.592051302357915032E+00    0.551862108707427979E+01   -0.205507558584213257E+01
    0.496935393963374248E-02    0.589922656437692816E+00    0.532439079374059876E+01   -0.294731125254748205E+01
    0.493339018487365302E-02    0.584449503711693352E+00    0.544773584057295945E+01   -0.237980897456456031E+01
    0.493387067511064006E-02    0.564254722102408679E+00    0.533429460332960748E+01   -0.290205352356279800E+01
    0.490987315802633110E-02    0.554006119550791820E+00    0.534517273456079423E+01   -0.289172889344270212E+01
    0.486918877176323230E-02    0.550647642546411853E+00    0.535147415568586027E+01   -0.286259671712296271E+01
    0.482785843374901498E-02    0.547696373942570536E+00    0.542200412416407218E+01   -0.249857425124070787E+01
    0.480975841439324273E-02    0.535208621387659567E+00    0.548806803720895608E+01   -0.223453798438336815E+01
    0.481374171684150615E-02    0.513552964871258455E+00    0.540212583541870117E+01   -0.259055346250534058E+01
    0.478915287931938518E-02    0.503795247972449012E+00    0.552897690051177904E+01   -0.200934476550497809E+01
    0.477131952159634380E-02    0.491256543882736985E+00    0.546219408512115479E+01   -0.231522834300994873E+01
    0.474268409380246194E-02    0.483295855794510898E+00    0.544231487947492631E+01   -0.240654829194438946E+01
    0.470848505797942952E-02    0.477769910606979487E+00    0.552684685884408644E+01   -0.205603380660574198E+01
    0.469021741088227525E-02    0.465544460407270211E+00    0.532789388499395145E+01   -0.293346849751170513E+01
    0.465033035657970179E-02    0.462625812701631833E+00    0.545001197227329115E+01   -0.240766541896653585E+01
    0.461007037439274160E-02    0.460016090730579086E+00    0.553896144120705891E+01   -0.200032328927131609E+01
    0.457394095079899279E-02    0.455751964172016077E+00    0.551076559958207923E+01   -0.209353261124274370E+01
    0.454873806851740451E-02    0.446802641871925976E+00    0.542537909744815572E+01   -0.248500889610264508E+01
    0.457109257852680168E-02    0.416997830512531253E+00    0.543178511519866802E+01   -0.245620739825448187E+01
    0.452582639043474892E-02    0.416901959308852266E+00    0.535186922730699344E+01   -0.285825176470682241E+01
    0.451465097098130517E-02    0.401846576589091120E+00    0.540613061800059036E+01   -0.257437702220803244E+01
    0.449100861933819130E-02    0.392347709003079859E+00    0.551923014259083367E+01   -0.208918245602805719E+01
    0.446347715298904199E-02    0.384646149718877228E+00    0.551715364198854274E+01   -0.209851952500001371E+01
    0.442096065974188247E-02    0.383788303090851213E+00    0.540907195771652560E+01   -0.259413312660709128E+01
    0.438144433971162598E-02    0.381745479794198816E+00    0.546249829641848095E+01   -0.234876677054085503E+01
    0.436388788742230090E-02    0.369775581072644521E+00    0.549203479933250804E+01   -0.221316375124520359E+01
    0.432202741504205713E-02    0.369053133299583280E+00    0.533491069816335006E+01   -0.290310908865726880E+01
    0.429643246704186892E-02    0.360932296675199604E+00    0.549224118884561996E+01   -0.218028584517944068E+01
    0.426773685300680522E-02    0.354334984245322504E+00    0.536032553400829936E+01   -0.281793398998498734E+01
    0.424540726857822008E-02    0.344826823837485696E+00    0.542879787928509838E+01   -0.250263500376379699E+01
    0.420441473369889251E-02    0.344232135078093360E+00    0.548509278879001005E+01   -0.221339026805400563E+01
    0.416548126441269526E-02    0.342838698459829561E+00    0.545835837645722055E+01   -0.233591640617336793E+01
    0.413850540441850975E-02    0.335832917243160500E+00    0.550612368910532268E+01   -0.214792531485931804E+01
    0.413467379350349225E-02    0.317685463209973928E+00    0.534377354814880512E+01   -0.289344946313553919E+01
    0.409540411624562117E-02    0.316771540260917583E+00    0.544982541011685040E+01   -0.237565656970845351E+01
    0.408963517302575116E-02    0.299590803050618526E+00    0.534847015953337834E+01   -0.284218406796401712E+01
    0.405493521944992087E-02    0.296632911774515562E+00    0.539328730188194516E+01   -0.263584307246618765E+01
    0.401811618639703882E-02    0.294875970804992116E+00    0.533353449146219916E+01   -0.291120541045795722E+01
    0.398289758300930576E-02    0.292483155027103037E+00    0.542704010290852779E+01   -0.250949665865448779E+01
    0.394660740305437067E-02    0.290789686590517793E+00    0.550974069573729519E+01   -0.210186186408796161E+01
    0.390918227948246211E-02    0.289845902818321954E+00    0.535087226517164183E+01   -0.286003454522967804E+01
    0.387250716547427780E-02    0.288698048393360107E+00    0.535002135147167124E+01   -0.283530243244639735E+01
    0.384896634540996549E-02    0.280893074623911276E+00    0.535036409177314809E+01   -0.283391954707818661E+01
    0.383536358303618449E-02    0.267973861997163054E+00    0.548246103918866190E+01   -0.225465784457162632E+01
    0.381539702347894697E-02    0.258412878933466206E+00    0.534425766217755971E+01   -0.286266575279253077E+01
    0.377898314383973664E-02    0.257592407953117830E+00    0.546388826726428700E+01   -0.233951569252352032E+01
    0.375283468216723766E-02    0.251479396370797914E+00    0.538368256679913770E+01   -0.268119979990867208E+01
    0.372532108365975162E-02    0.246196245559734989E+00    0.550447973213672093E+01   -0.215327876562253540E+01
    0.369685175520892331E-02    0.241539174747897323E+00    0.549484610619199554E+01   -0.219725333367217068E+01
    0.366211101346979300E-02    0.240422814151786179E+00    0.539513260713026188E+01   -0.262881694006164857E+01
    0.362594909796509334E-02    0.240270187372507132E+00    0.542139289314360795E+01   -0.253411625782357852E+01
    0.360437098756018421E-02    0.232207791358236243E+00    0.538897922360305515E+01   -0.265735272202778905E+01
    0.357124977446286436E-02    0.230671112885987545E+00    0.544338641849588356E+01   -0.240741115788658933E+01
    0.353676325808460063E-02    0.230078385678384317E+00    0.541575093459425272E+01   -0.255976915088522805E+01
    0.351239639529130109E-02    0.223905259259830680E+00    0.549409647501225606E+01   -0.217521064769271399E+01
    0.350228628489388958E-02    0.209670376719229806E+00    0.533487553967362338E+01   -0.290731552600015464E+01
    0.346877200717468637E-02    0.208901049898164548E+00    0.552203932144264620E+01   -0.207193047982262879E+01
    0.343821242282105590E-02    0.206598952115510603E+00    0.548987112696277890E+01   -0.219505185229404853E+01
    0.340527152338209859E-02    0.205852977760534656E+00    0.550700529022485163E+01   -0.214061373657564680E+01
    0.337151688460856800E-02    0.205776821263635751E+00    0.541866147571851453E+01   -0.254570995516257348E+01
    0.334522928883146300E-02    0.201431859770900445E+00    0.538341242205677162E+01   -0.270772268675982186E+01
    0.331205854401207724E-02    0.201362510306683840E+00    0.540241995884142678E+01   -0.262025178165445771E+01
    0.328486694249222663E-02    0.197850042609234861E+00    0.549301513643719375E+01   -0.220441871375315479E+01
    0.325234258501793175E-02    0.197751271537483897E+00    0.539914174548386061E+01   -0.263522495266455792E+01
    0.322454640180762581E-02    0.194917756198114689E+00    0.545434211115906642E+01   -0.235819529124846250E+01
    0.321381971043997738E-02    0.181581994363840177E+00    0.539686937308031744E+01   -0.264519131112960038E+01
    0.318434140072310643E-02    0.180011363546038555E+00    0.548525162795929511E+01   -0.223943616883349605E+01
    0.315498639341543763E-02    0.178533969147002397E+00    0.532319951593039509E+01   -0.298472896054026737E+01
    0.312910298888747010E-02    0.175009578787070991E+00    0.535432408350118472E+01   -0.284095566427925039E+01
    0.310049982313624671E-02    0.173375672176226903E+00    0.539236162325356982E+01   -0.266567695433715901E+01
    0.307242273085390170E-02    0.171569508668182574E+00    0.545158853899813423E+01   -0.239348733266957225E+01
    0.304831971214119916E-02    0.167321286187871787E+00    0.537957942541267720E+01   -0.270257313974319580E+01
    0.301857088628907592E-02    0.166935329856633896E+00    0.537306946443955713E+01   -0.275429826572835834E+01
    0.299329409014690868E-02    0.163753368976264330E+00    0.535018526713601084E+01   -0.285968388393909612E+01
    0.296674372302720927E-02    0.161572412131000320E+00    0.542971085913183149E+01   -0.247228043529669694E+01
    0.293738987849434053E-02    0.161459554513685571E+00    0.546657515966859009E+01   -0.232443219272962809E+01
    0.290929796177106939E-02    0.160678732049801876E+00    0.542440382039655500E+01   -0.249668133230330813E+01
    0.288431266492393491E-02    0.157929081341434074E+00    0.540264753069809700E+01   -0.259675294765538345E+01
    0.286027237211204264E-02    0.154668625101757051E+00    0.547734786653584926E+01   -0.225403943639755422E+01
    0.284257171076526469E-02    0.147083986932582733E+00    0.547490379670317662E+01   -0.226549699360400636E+01
    0.281574730582259116E-02    0.146046937462308457E+00    0.538111119893282108E+01   -0.271656513220280571E+01
    0.279068226291164737E-02    0.143930126471414205E+00    0.535834794143301707E+01   -0.280117161803997039E+01
    0.276512392333911000E-02    0.142331430629642874E+00    0.542623844286777057E+01   -0.248888704338896360E+01
    0.273835845875088080E-02    0.141785059263348140E+00    0.539442456094226319E+01   -0.265513634246933439E+01
    0.271417261963780932E-02    0.139528010116907242E+00    0.539480176564333735E+01   -0.263347583269931906E+01
    0.269064572878513226E-02    0.136939910339817145E+00    0.541093429081187516E+01   -0.257903290985140554E+01
    0.266527621007996238E-02    0.135886944095795548E+00    0.549343343561861897E+01   -0.220051203600200118E+01
    0.263953978327220078E-02    0.135293180816897507E+00    0.550469698219767700E+01   -0.212951263107491418E+01
    0.261386187140599064E-02    0.134844791791428109E+00    0.533616096937722606E+01   -0.292341034780212761E+01
    0.258804170769182888E-02    0.134699351085895508E+00    0.538287541984878715E+01   -0.270804307874332073E+01
    0.256458108811890304E-02    0.132912042079265214E+00    0.539861020389471591E+01   -0.263556410839115607E+01
    0.254645892447931052E-02    0.127094861653319652E+00    0.539676233257603588E+01   -0.262491433549685027E+01
    0.252370231125584018E-02    0.125048346743429545E+00    0.541587269687032347E+01   -0.255590074973369230E+01
    0.250027166847352706E-02    0.123703548985202749E+00    0.533263599322935722E+01   -0.292051359646493180E+01
    0.248166741048439941E-02    0.118640981318779815E+00    0.550244288161663775E+01   -0.215863720043879681E+01
    0.245895008718869865E-02    0.117033405672300250E+00    0.538676746633310977E+01   -0.267128451090492147E+01
    0.243525151455086354E-02    0.116402250510526176E+00    0.551727223022604640E+01   -0.209070555630242971E+01
    0.241105987088962876E-02    0.116369473145346958E+00    0.545798223726398568E+01   -0.236224316029874126E+01
    0.238786858831916684E-02    0.115700007706471167E+00    0.536021723219599799E+01   -0.281172163809433151E+01
    0.236623871260728926E-02    0.113899028965903842E+00    0.539159886347009731E+01   -0.264917684186730140E+01
    0.235387261353095251E-02    0.104378550752220162E+00    0.545859432795952415E+01   -0.234186174333447639E+01
    0.233236842794900699E-02    0.102733847743112561E+00    0.552264108988062663E+01   -0.206561321760565786E+01
    0.231209632440472707E-02    0.100193110210429814E+00    0.552608199842669645E+01   -0.204977658318625000E+01
    0.229310172480883499E-02    0.966916035287254672E-01    0.542173500392175800E+01   -0.252783930769574372E+01
    0.227363085135243604E-02    0.937462403984560405E-01    0.549295131793938829E+01   -0.218490831789319806E+01
    0.225267745325567975E-02    0.922633597506058445E-01    0.533718078262454565E+01   -0.290082732631184159E+01
    0.223215685222887157E-02    0.905657030125160828E-01    0.550618258768515734E+01   -0.214038437024055384E+01
    0.221017675470718163E-02    0.903573520306097250E-01    0.542712477194091125E+01   -0.250280651429184253E+01
    0.219022165699057827E-02    0.884968318157728223E-01    0.544925907693293787E+01   -0.238535811546040666E+01
    0.216854967321152524E-02    0.883851542126799922E-01    0.540105926195765562E+01   -0.262252712162812074E+01
    0.214712023845617817E-02    0.882472950333813427E-01    0.533059656854028852E+01   -0.294724616292795227E+01
    0.213235817011115519E-02    0.820453568415453749E-01    0.531823744196868198E+01   -0.298876210488215843E+01
    0.211131438471259727E-02    0.818809663239486729E-01    0.547114082377300726E+01   -0.230047099525428100E+01
    0.209069425566878403E-02    0.815099545784443158E-01    0.549937981252010211E+01   -0.215603486135155364E+01
    0.207038938691027873E-02    0.810289372938298863E-01    0.536909483684219246E+01   -0.275419415811663448E+01
    0.205086337414706445E-02    0.799806104872729101E-01    0.539397742635327049E+01   -0.265472442894467253E+01
    0.203123958994628128E-02    0.792098514380651514E-01    0.534741002062788517E+01   -0.286923144469621016E+01
    0.201242333967642777E-02    0.778230607069583802E-01    0.546625287443413566E+01   -0.232268788482930688E+01
    0.199260644470095364E-02    0.776152298229061122E-01    0.553009176527870494E+01   -0.203045375209233514E+01
    0.197438140943916474E-02    0.759920579407672159E-01    0.544547046987100192E+01   -0.240332123503652983E+01
    0.195620030048966912E-02    0.744943967383605160E-01    0.549671689150103226E+01   -0.218297293176426432E+01
    0.193940786596784884E-02    0.717369301904166867E-01    0.540199294927001450E+01   -0.261745609215683617E+01
    0.192159408878220792E-02    0.701921434184153009E-01    0.553202141423407578E+01   -0.202127628850851249E+01
    0.190424702409942837E-02    0.683290007010821931E-01    0.542998680223293828E+01   -0.247477126590427510E+01
    0.188732576830310693E-02    0.661805563113715134E-01    0.551125289582485234E+01   -0.210246363257478386E+01
    0.187126497683117116E-02    0.632730149640362421E-01    0.546410567826670590E+01   -0.233181116642382591E+01
    0.185501171523189427E-02    0.607203126478876587E-01    0.546011733923392306E+01   -0.233692226281964510E+01
    0.183815628054047483E-02    0.589762400717767851E-01    0.539200134459279834E+01   -0.264985829029630127E+01
    0.182295294655957234E-02    0.555869669639506292E-01    0.545831226755735344E+01   -0.234548224794648519E+01
    0.180492111342801581E-02    0.554685629890500700E-01    0.546425380581676379E+01   -0.233071073510118110E+01
    0.178892946566495980E-02    0.532675815709745398E-01    0.544426908584549807E+01   -0.242225563286101497E+01
    0.177178224708341380E-02    0.525304172270768116E-01    0.534533340527444789E+01   -0.286521323205617673E+01
    0.175424143203289158E-02    0.524292736674518076E-01    0.536323291336531938E+01   -0.279488301159554808E+01
    0.173842663478910187E-02    0.505413931416795817E-01    0.547060808015281363E+01   -0.230130116316220912E+01
    0.172192330936048231E-02    0.496185972676035994E-01    0.540567179626271788E+01   -0.258752170822630001E+01
    0.170557029798502359E-02    0.487032548458671347E-01    0.551056823143709984E+01   -0.211821451471219468E+01
    0.168998751469446045E-02    0.470600533986997097E-01    0.532364355112145837E+01   -0.297723512960792558E+01
    0.167353665496694612E-02    0.466240464915406091E-01    0.532033069197441932E+01   -0.299251344499036387E+01
    0.165763800469549650E-02    0.457149349779197925E-01    0.540099195724209036E+01   -0.262063417726084369E+01
    0.164170708174218036E-02    0.450291277585248423E-01    0.552817138149075582E+01   -0.203749239739156351E+01
    0.162652467130044174E-02    0.436110653977366119E-01    0.532054635511047103E+01   -0.298018018852551236E+01
    0.166230973577221382E-02    0.529177817867957365E-04    0.546367383003234863E+01   -0.232696491479873657E+01
    0.166229290102876061E-02    0.731725253376728146E-04    0.539021585032075823E+01   -0.266431918298958959E+01
    0.165708151520491879E-02    0.635313911199920402E-02    0.531916575076833276E+01   -0.299001786448505502E+01
    0.162679967180587325E-02    0.432396158648414575E-01    0.546627086514826210E+01   -0.232073815002451234E+01
    0.164375837433383405E-02    0.224983793169243572E-01    0.535131867214835921E+01   -0.284771986665444299E+01
    0.165722478732560977E-02    0.618022555760684971E-02    0.543889669935908149E+01   -0.243873222522188859E+01
    0.163648375087486380E-02    0.313692310497289267E-01    0.537404722993667772E+01   -0.274368312438568474E+01
    0.164152292106808061E-02    0.252201597792432800E-01    0.542774418054566521E+01   -0.248780387776173306E+01
    0.165298400495316887E-02    0.113047176469637505E-01    0.540257569363068235E+01   -0.260486181869012690E+01
    0.166127436704239487E-02    0.129900481467878242E-02    0.549778355888117165E+01   -0.217185875738524103E+01
    0.165845187116892565E-02    0.469988350290694371E-02    0.533285686395871750E+01   -0.293074338415819291E+01
    0.164161425334257197E-02    0.251088853856847663E-01    0.546039437887665891E+01   -0.233799166711203243E+01
    0.165058937395182550E-02    0.142041615473576226E-01    0.537356502564010707E+01   -0.273802877902721953E+01
    0.164998502634642924E-02    0.149365766228613077E-01    0.550727631178986687E+01   -0.213068772263701200E+01
    0.166221242414431791E-02    0.170001228058922794E-03    0.539388107867259592E+01   -0.264733535092707095E+01
    0.164176130270089131E-02    0.249297412629255546E-01    0.541522360701433492E+01   -0.254534668188476587E+01
    0.166235260798205985E-02    0.133695291840164202E-05    0.547772488386159750E+01   -0.226273131499218350E+01
    0.165668102396932557E-02    0.683656691687123830E-02    0.540307665097452272E+01   -0.260318736095402414E+01
    0.165851910214180349E-02    0.461880836124858515E-02    0.534178120419780189E+01   -0.288953741281463916E+01
    0.164610405732683470E-02    0.196463653628821157E-01    0.543362404313335290E+01   -0.246130098501760042E+01
    0.162971986126051339E-02    0.396527309004417947E-01    0.549189438988679424E+01   -0.220311368366205240E+01
    0.166038583329354062E-02    0.236899237085176195E-02    0.545147929029508216E+01   -0.238436771852463325E+01
    0.162931586344501568E-02    0.401485804113940262E-01    0.534464568971131460E+01   -0.287983749873429717E+01
    0.165051504480589334E-02    0.142942273393043291E-01    0.542843532759084191E+01   -0.249201320587545982E+01
    0.162852582390609962E-02    0.411185963056227358E-01    0.551363865272220632E+01   -0.209299770147514863E+01
    0.166193276058211083E-02    0.506525112937707004E-03    0.548981388879218457E+01   -0.220798701031551259E+01
    0.166034664401423738E-02    0.241619795524723692E-02    0.551771903517165363E+01   -0.208099655273605055E+01
    0.166093418449717663E-02    0.170859083690548226E-02    0.542648497613887404E+01   -0.249890133468993447E+01
    0.166052580978318228E-02    0.220039229380135544E-02    0.533883630014666899E+01   -0.290256676836513572E+01
    0.165964563713105404E-02    0.326078653767756122E-02    0.543434319874403471E+01   -0.246323273984157076E+01
    0.165624714724957019E-02    0.736042581125252032E-02    0.544957179514383050E+01   -0.239409958414342849E+01
    0.164763952933440704E-02    0.177816517585540901E-01    0.552283651569067136E+01   -0.205277788470683031E+01
    0.166103131298634570E-02    0.159163779898810346E-02    0.536560439620349516E+01   -0.277681549716318266E+01
    0.163727586051194566E-02    0.304014023187694458E-01    0.547912584073936504E+01   -0.226094257667890286E+01
    0.165766207368662089E-02    0.565256186121909209E-02    0.551417118753863367E+01   -0.209790825364630473E+01
    0.166234372285837791E-02    0.120267998089851069E-04    0.551396300883233259E+01   -0.209697007713766936E+01
    0.165877550448480910E-02    0.430963793905483113E-02    0.547402520552217720E+01   -0.228144759957060206E+01
    0.164166426770235327E-02    0.250479531687368973E-01    0.552127854679708641E+01   -0.206759003030154309E+01
    0.165859984317337462E-02    0.452144551967507448E-02    0.550117824525348631E+01   -0.215359363792744718E+01
    0.163260303878707820E-02    0.361176077804388138E-01    0.537691723403629496E+01   -0.272069889001433385E+01
    0.164313244816448171E-02    0.232601036463539503E-01    0.545184547798444274E+01   -0.237735455727111189E+01
    0.166233297689824251E-02    0.249555277487765349E-04    0.533154746909027732E+01   -0.293509496140957848E+01
    0.165840242252222121E-02    0.475951668824692743E-02    0.542999235920109502E+01   -0.247986771301884845E+01
    0.166099321696293518E-02    0.163750865041623343E-02    0.532087827670416935E+01   -0.298531538679781727E+01
    0.164124114676319046E-02    0.255634976491135313E-01    0.542509477564038534E+01   -0.250842219643442021E+01
    0.165485114177823861E-02    0.904688200456651298E-02    0.532687954569830868E+01   -0.295397523459721922E+01
    0.163983287039986560E-02    0.272803457816907895E-01    0.544543243770699625E+01   -0.240643877979836418E+01
    0.166206293684422672E-02    0.349874775175799003E-03    0.537759759715738106E+01   -0.272312943556649145E+01
    0.163800042976526973E-02    0.295165068767628685E-01    0.549335348135585644E+01   -0.218663860600696180E+01
    0.164941220779305842E-02    0.156310289951919063E-01    0.543694746875282586E+01   -0.245307224088769349E+01
    0.164092684528796464E-02    0.259465389522358855E-01    0.538787449126092799E+01   -0.267959345246531289E+01
    0.166096513152963607E-02    0.167132657388397061E-02    0.537709805128964469E+01   -0.272601914558092684E+01
    0.166153935289524868E-02    0.980015096027236389E-03    0.532669903749316997E+01   -0.295818460108425541E+01
    0.163691768948154509E-02    0.308389708697554311E-01    0.551951396147668127E+01   -0.207611457212637474E+01
    0.165735501952649815E-02    0.602306270916741406E-02    0.548395851912719934E+01   -0.223625604002402145E+01
    0.166162623824098318E-02    0.875433674041210981E-03    0.542817943512440237E+01   -0.248923901535435599E+01
    0.166164650473303631E-02    0.851040259932476866E-03    0.542315983271624535E+01   -0.251230569262647974E+01
    0.162763540075453166E-02    0.422124281061122125E-01    0.538982779631143494E+01   -0.266085846390783409E+01
    0.165650696283443921E-02    0.704671030232189178E-02    0.551477731973982443E+01   -0.209093690607549609E+01
    0.164246684581344552E-02    0.240704305311484727E-01    0.544291603709935856E+01   -0.241825215926271220E+01
    0.165431994955686328E-02    0.968896693916225862E-02    0.549867575479340776E+01   -0.216422119660934609E+01
    0.166170047047186796E-02    0.786086778711603414E-03    0.532960900270607407E+01   -0.294316377645946403E+01
    0.165434135988476536E-02    0.966308296265291911E-02    0.551913938504570734E+01   -0.207579529710137800E+01
    0.166229751203617396E-02    0.676247653549242141E-04    0.548743028120028242E+01   -0.221852462434863629E+01
    0.163890063301835105E-02    0.284176598154957973E-01    0.551862615345351237E+01   -0.207109588756146312E+01
    0.163214155608727100E-02    0.366830213244044093E-01    0.549280209374589568E+01   -0.218863935781817176E+01
    0.163276895064757405E-02    0.359143698508241210E-01    0.536033897847548158E+01   -0.280717707116470416E+01
    0.164231319101084826E-02    0.242575417544089768E-01    0.532612246934842837E+01   -0.295584848329394845E+01
    0.165944915861221897E-02    0.349757220504111734E-02    0.548278748254195314E+01   -0.223800646262587177E+01
    0.165774136040465567E-02    0.555690325480657707E-02    0.550573655977165100E+01   -0.213254216994902812E+01
    0.163112043626509806E-02    0.379346767022342643E-01    0.541785562134105181E+01   -0.253226972099587000E+01
    0.165862832403879980E-02    0.448710255140229598E-02    0.543525532199526396E+01   -0.245575631581299980E+01
    0.166220241714738304E-02    0.182041839612400629E-03    0.534490309808623287E+01   -0.287368333364885054E+01
    0.163977884876241706E-02    0.273462336270564946E-01    0.549169895608507375E+01   -0.220312075159002996E+01
    0.165614434638007265E-02    0.748456677674987948E-02    0.541861498016963239E+01   -0.253625229766550309E+01
    0.166012127668404988E-02    0.268768659590525516E-02    0.550191643833565003E+01   -0.215062263839099899E+01
    0.166142393656560847E-02    0.111894691035285257E-02    0.542100187949533918E+01   -0.252388006305851720E+01
    0.163272008804674919E-02    0.359742231839688814E-01    0.535398644349850450E+01   -0.282636643924039488E+01
    0.166086593606239825E-02    0.179077330702683587E-02    0.535042668298181479E+01   -0.284671775633990976E+01
    0.163399434769272937E-02    0.344139279874643364E-01    0.552659237789898494E+01   -0.204401039820270425E+01
    0.164085389946092399E-02    0.260354490077530643E-01    0.532095306788240663E+01   -0.298818829253762530E+01
    0.166203911229919872E-02    0.378543624296524535E-03    0.545582829047883777E+01   -0.236261706561953932E+01
    0.166182995407177588E-02    0.630248157205714403E-03    0.548238561485191234E+01   -0.224207468721290226E+01
    0.166101340456169494E-02    0.161320093395262354E-02    0.546911097230611976E+01   -0.230329579598035039E+01
    0.162930563766555529E-02    0.401611326878166808E-01    0.547974726934025202E+01   -0.224818592968169817E+01
    0.163626325490390918E-02    0.316387245008256449E-01    0.534567288679368513E+01   -0.286502201161073700E+01
    0.163858931783237194E-02    0.287976032375465534E-01    0.535361091598928240E+01   -0.282863219683438150E+01
    0.166216439913867507E-02    0.227786501150206271E-03    0.539941595623420412E+01   -0.262181967923352932E+01
    0.166231454366579448E-02    0.471331960098961235E-04    0.540825680408779697E+01   -0.258138468993062586E+01
    0.164325503037501754E-02    0.231109036979077649E-01    0.543330237257744120E+01   -0.246246239200794559E+01
    0.164073048606530668E-02    0.261858804837443136E-01    0.549000939088473938E+01   -0.221076372864573623E+01
    0.165876647924618993E-02    0.432051977707158686E-02    0.540355654623984805E+01   -0.260143156969454159E+01
    0.165566633874890574E-02    0.806190368387670747E-02    0.535412068704747490E+01   -0.283319966681484514E+01
    0.165257738481949844E-02    0.117967613125029274E-01    0.543355007367481324E+01   -0.246247946888013969E+01
    0.165939504996141991E-02    0.356278605348380991E-02    0.540701002068969494E+01   -0.258571336687229447E+01
    0.164893366948334918E-02    0.162113663289598260E-01    0.536825584074868534E+01   -0.276226757684628099E+01
    0.166025114908973704E-02    0.253123136848011588E-02    0.549451686786640714E+01   -0.218453100177443105E+01
    0.165472277517802004E-02    0.920202777680567685E-02    0.538250577082831771E+01   -0.269748031396749921E+01
    0.164309914997943477E-02    0.233006341860346328E-01    0.545841588083768947E+01   -0.234721795428184699E+01
    0.165835776161977859E-02    0.481337756448092964E-02    0.543915243958374539E+01   -0.244147974736122464E+01
