    0.261831478969286943E-87    0.398972985852448971E+03    0.457127141952514648E+01   -0.282700461149215698E+01
    0.965291893357321875E-85    0.387133186582488293E+03    0.467526146256121056E+01   -0.236271659186890703E+01
    0.462912053623992099E-83    0.379372633107905585E+03    0.467355783954556792E+01   -0.238123866421854258E+01
    0.670634866441871446E-80    0.364795747072905613E+03    0.460476207987095520E+01   -0.271891944728176815E+01
    0.284940835989347581E-79    0.361882463406691159E+03    0.494409647985857248E+01   -0.226810626775276969E+01
    0.146648418805545273E-78    0.358585780325562268E+03    0.460711097717285156E+01   -0.271665567159652710E+01
    0.178636223014480552E-78    0.358171153423483076E+03    0.466214811801910400E+01   -0.246297401189804077E+01
    0.174581702988424006E-76    0.348986730292056677E+03    0.465594893405387822E+01   -0.250421979109590698E+01
    0.106246464887292231E-74    0.340749652536943529E+03    0.457291150093078613E+01   -0.290093481540679932E+01
    0.263056107084319061E-74    0.338916440919454544E+03    0.462042552708243282E+01   -0.268228558451450594E+01
    0.129967949413540259E-73    0.335701429667987213E+03    0.486575053693893800E+01   -0.261706887044772518E+01
    0.392174391573128349E-73    0.333472592187510770E+03    0.462634498688314366E+01   -0.266244705594617059E+01
    0.428425160942874557E-72    0.328670603097754224E+03    0.465327433109357003E+01   -0.254467460483571051E+01
    0.945447168395796370E-71    0.322462349030898508E+03    0.458670018824149928E+01   -0.286290937061248174E+01
    0.103998220497799299E-68    0.313041406915425171E+03    0.488822418101959144E+01   -0.250165685665631088E+01
    0.420315273280277881E-65    0.296412633773559833E+03    0.466578328609466553E+01   -0.253185737133026123E+01
    0.123660907007745108E-64    0.294234387350679867E+03    0.474788333248144490E+01   -0.215733488876488533E+01
    0.532658227146128611E-63    0.286688543575025108E+03    0.467216989441211616E+01   -0.251601201789601792E+01
    0.464505617685157621E-59    0.268521675513869241E+03    0.478514646455920634E+01   -0.202239968195317132E+01
    0.200291095096286189E-57    0.260973738878646600E+03    0.474077850433055303E+01   -0.223651253170456954E+01
    0.432460615492882996E-56    0.254809129740799250E+03    0.463331568241119385E+01   -0.274089998006820679E+01
    0.178809888331250278E-51    0.233529615000268848E+03    0.468899108755652616E+01   -0.251310797545310827E+01
    0.494509655463057878E-50    0.226869957791271162E+03    0.482330031385638680E+01   -0.275306416324987824E+01
    0.628482142866174535E-50    0.226370475913790386E+03    0.479459036650583226E+01   -0.288687122054748047E+01
    0.211937416984725312E-43    0.196288317786139032E+03    0.497504694372358625E+01   -0.203268038155905417E+01
    0.281011836398226805E-43    0.195704106260796181E+03    0.481304673252950366E+01   -0.277983475082137810E+01
    0.123718623607098394E-41    0.188114539825158232E+03    0.493663378286787946E+01   -0.220335480217846680E+01
    0.459535264376403954E-40    0.180864957916637564E+03    0.460233034281327757E+01   -0.299596684139815483E+01
    0.544417395777178256E-40    0.180505956835946876E+03    0.465003025531768799E+01   -0.277300512790679932E+01
    0.260635213048658039E-39    0.177353975541478832E+03    0.494548688470182718E+01   -0.215484220452387376E+01
    0.160751483463127881E-38    0.173695329729652940E+03    0.480537844860129937E+01   -0.206743712098872612E+01
    0.300804598686063484E-38    0.172422127152288454E+03    0.475277478355652683E+01   -0.231093800280046668E+01
    0.169888689252893928E-37    0.168939591819598633E+03    0.478985752626881123E+01   -0.286832903655643578E+01
    0.286591209003159921E-37    0.167873765043543642E+03    0.471811559163377225E+01   -0.247741117575305125E+01
    0.185452960329800777E-36    0.164119106007075828E+03    0.476881480216979980E+01   -0.224994987249374390E+01
    0.381286823803164840E-35    0.158052434534047734E+03    0.480138528347015381E+01   -0.280578076839447021E+01
    0.378239041074046987E-34    0.153443315409537831E+03    0.464461512765649776E+01   -0.284068238102352533E+01
    0.552119335618295206E-34    0.152666839747371426E+03    0.486510837188319556E+01   -0.250597719592345580E+01
    0.205238150806106981E-33    0.150020855950389034E+03    0.479778337478637695E+01   -0.213904213905334473E+01
    0.292998904576962036E-33    0.149288860241905951E+03    0.479307496547698975E+01   -0.216180872917175293E+01
    0.595918127647392230E-33    0.147848991406815486E+03    0.465118801593780518E+01   -0.281902581453323364E+01
    0.718164694238659845E-33    0.147455800138821104E+03    0.482235960625620130E+01   -0.269941458154029590E+01
    0.250784223003273481E-31    0.140329671810470472E+03    0.491696553833919126E+01   -0.225650229828321525E+01
    0.114221847829169423E-27    0.123461891684880541E+03    0.479874693212488257E+01   -0.278794749378752726E+01
    0.216775113344047370E-27    0.122160455922451149E+03    0.482139535799786589E+01   -0.207610504586005895E+01
    0.594164733968573028E-27    0.120123863645052737E+03    0.466674125185308419E+01   -0.279268005584927526E+01
    0.158360324811670105E-26    0.118143260734054095E+03    0.481818769927152601E+01   -0.209759235383451603E+01
    0.833609678917810960E-26    0.114801476116884004E+03    0.482273500748403539E+01   -0.208242865925446585E+01
    0.123214898030813722E-25    0.113999976556004412E+03    0.483177959918975830E+01   -0.262539660930633545E+01
    0.156367875676569838E-24    0.108898243491689627E+03    0.463365828990936279E+01   -0.296731472015380859E+01
    0.189375463542823075E-24    0.108495203060719888E+03    0.479173180454979608E+01   -0.280600597662196893E+01
    0.195087044989791817E-24    0.108415774621689266E+03    0.475918751205595836E+01   -0.295858174729586754E+01
    0.291051712479292176E-24    0.107595664393746858E+03    0.480300096398129028E+01   -0.275257549535596979E+01
    0.403682643664662778E-24    0.106921408241176991E+03    0.472571778297424316E+01   -0.254230684041976929E+01
    0.120174014181899333E-23    0.104719614501637807E+03    0.477977371215820312E+01   -0.229719859361648560E+01
    0.133443333692533733E-23    0.104490142280742432E+03    0.478250372409820557E+01   -0.284498208761215210E+01
    0.140677095351359882E-22    0.997593916163892231E+02    0.493281431991678154E+01   -0.214519725984028087E+01
    0.186477754958775245E-22    0.991757020255479063E+02    0.475073415194195281E+01   -0.243987225803943719E+01
    0.263605623243283469E-22    0.984634176669933225E+02    0.478648774598470705E+01   -0.281995053914775040E+01
    0.948037519718884355E-22    0.958835377782979918E+02    0.477468752861022949E+01   -0.233641576766967773E+01
    0.978583721702834437E-22    0.958001132478745063E+02    0.476786358102134233E+01   -0.290425353678103004E+01
    0.228155797487093029E-21    0.940870983149629154E+02    0.476928504939908571E+01   -0.289567289527295157E+01
    0.415993157108255810E-21    0.928658181290446976E+02    0.463458482392684701E+01   -0.299382894371508446E+01
    0.156130803026663461E-20    0.902005972910687319E+02    0.469701526336494357E+01   -0.270545331781014875E+01
    0.241909435131333203E-20    0.893048587225529786E+02    0.479955808377247450E+01   -0.274884632428080877E+01
    0.454923250516546275E-20    0.880217281157117100E+02    0.478037305504743770E+01   -0.283683225658178362E+01
    0.108135062395490258E-19    0.862700533317239859E+02    0.487094907112823350E+01   -0.241497552416347361E+01
    0.416156128557209740E-18    0.789495241950499747E+02    0.470199000835418701E+01   -0.270430320501327515E+01
    0.194033628792805408E-17    0.758504120301587790E+02    0.483165846245370645E+01   -0.211249384592090683E+01
    0.213615131437988310E-17    0.756381231175413262E+02    0.493558865068320252E+01   -0.210492532649870601E+01
    0.688925105359686778E-17    0.732762098776034634E+02    0.483730054620120242E+01   -0.255452852604317560E+01
    0.999641570482660271E-17    0.725116814363991011E+02    0.481657135303216588E+01   -0.218835450280389177E+01
    0.124785237577201987E-16    0.720481165002492645E+02    0.485287777354640948E+01   -0.202271920698335750E+01
    0.140056582558352104E-16    0.717972118166596402E+02    0.480691906599131791E+01   -0.223411852274793299E+01
    0.386828873577020390E-16    0.697453400046447456E+02    0.475773945534726117E+01   -0.246456751928055784E+01
    0.468161316104186182E-16    0.693436789627279353E+02    0.482644999027252197E+01   -0.259960824251174927E+01
    0.482569401066629028E-16    0.692630553271520029E+02    0.475528693199157715E+01   -0.293111652135848999E+01
    0.507701707183374834E-16    0.691415166517768540E+02    0.466186067477673394E+01   -0.291084794809048120E+01
    0.637863587902490264E-16    0.686650559240008533E+02    0.492449731049723027E+01   -0.214690649715059312E+01
    0.666364642131079729E-16    0.685576307580013520E+02    0.492435464683744684E+01   -0.214742009699255432E+01
    0.735950700043258203E-16    0.683389785551411961E+02    0.474685395181997283E+01   -0.251781933155367277E+01
    0.121721717295074319E-15    0.673126597678527077E+02    0.480073668649358609E+01   -0.227163278346511976E+01
    0.148197460766499298E-15    0.668990434770782940E+02    0.493775800664923192E+01   -0.208367310974443098E+01
    0.206143603612052658E-15    0.662189885731747410E+02    0.474654002784273032E+01   -0.252347428160510079E+01
    0.306197817012128060E-15    0.654076719270290283E+02    0.485896042801921535E+01   -0.200833943682319171E+01
    0.429525986563799434E-15    0.647107701472160244E+02    0.479189164304908211E+01   -0.231768819673548698E+01
    0.107912719860943579E-14    0.628483189469425980E+02    0.468253147602081299E+01   -0.282737940549850464E+01
    0.530660727528442001E-14    0.596427186772016356E+02    0.479429901510649437E+01   -0.231734714022388211E+01
    0.592126244997703217E-14    0.594035247211932216E+02    0.467561818774241988E+01   -0.286715402717238232E+01
    0.686187790782350650E-14    0.590886617733420039E+02    0.489015936851501465E+01   -0.229164403676986694E+01
    0.908507171437527779E-14    0.585073588858275073E+02    0.491238200664520264E+01   -0.218859440088272095E+01
    0.114468417541738269E-13    0.580251963516407585E+02    0.490276022405524881E+01   -0.223207971878440325E+01
    0.250247284472092209E-13    0.564408951291217562E+02    0.480735306824310005E+01   -0.266998293840079626E+01
    0.272941501622501535E-13    0.562472792779685093E+02    0.485929000377655029E+01   -0.202631491422653198E+01
    0.401458274352749423E-13    0.554555870557045694E+02    0.472680987224267124E+01   -0.263806811655155515E+01
    0.503047005620134099E-13    0.549844270303328173E+02    0.465788697705542543E+01   -0.296030356343483936E+01
    0.565745330328643096E-12    0.501243360158236371E+02    0.478121294278174869E+01   -0.239882537610723112E+01
    0.615624820791892122E-12    0.499353486352321525E+02    0.469803008728419513E+01   -0.278326389236715199E+01
    0.210088738990795553E-11    0.474603938747293981E+02    0.467661987726270922E+01   -0.288979092822570127E+01
    0.335324829994772920E-11    0.465052544832945642E+02    0.489389823239541677E+01   -0.225503454132791070E+01
    0.341869638282912181E-11    0.464465949113262795E+02    0.484715557728944724E+01   -0.210421907412095965E+01
    0.395391142888354358E-11    0.461357028706935566E+02    0.474917944188491692E+01   -0.255579137462995076E+01
    0.587218762594332041E-11    0.453246590320240443E+02    0.476286536747930622E+01   -0.249455633211734540E+01
    0.239617473830076627E-10    0.424921961193975832E+02    0.490771266488433699E+01   -0.218466308529136022E+01
    0.303211542170076920E-10    0.420014222631358223E+02    0.483829948094266094E+01   -0.250345046056539022E+01
    0.593882370102185738E-10    0.406369211656674736E+02    0.490170485743302375E+01   -0.220900088010736084E+01
    0.286924115658292775E-09    0.374666779680684456E+02    0.491067552420772824E+01   -0.216198637305281682E+01
    0.329059911056708769E-09    0.371726338495947388E+02    0.474294865131378174E+01   -0.260689109563827515E+01
    0.396289157278926834E-09    0.367808252390405315E+02    0.467524471200309755E+01   -0.292313821848955202E+01
    0.406078744922235718E-09    0.367120193313101311E+02    0.493648107747226117E+01   -0.204210246333498935E+01
    0.159086320519040347E-08    0.339610494304304780E+02    0.467493274461922237E+01   -0.293223199787741162E+01
    0.174171700320899066E-08    0.337598601406990042E+02    0.473126554489135742E+01   -0.298651504516601562E+01
    0.194551141169740658E-08    0.335185532027293078E+02    0.473628138055951631E+01   -0.296231350785948200E+01
    0.234566503598626578E-08    0.331244650427020773E+02    0.492555030097765378E+01   -0.208528422990425710E+01
    0.267154291909830638E-08    0.328442906052978643E+02    0.487495419326058599E+01   -0.201101734576405589E+01
    0.331539036478540736E-08    0.323924522133479300E+02    0.476292936680173717E+01   -0.252734357250006170E+01
    0.404757472763025792E-08    0.319733672228319676E+02    0.480425609728330727E+01   -0.264180253631805684E+01
    0.461186686428324605E-08    0.316923374914595328E+02    0.472419523097054572E+01   -0.270852948275640060E+01
    0.488803807946425470E-08    0.315560209364838755E+02    0.482207673942031523E+01   -0.225724561636841514E+01
    0.604347845096698843E-08    0.311116434636442847E+02    0.481903418854148491E+01   -0.257161122997125036E+01
    0.826827846427580751E-08    0.304647503189276847E+02    0.482340125109655027E+01   -0.225419738812308479E+01
    0.324590459722098891E-07    0.277096446193974728E+02    0.483300288523688337E+01   -0.221795678933257090E+01
    0.331004349867055614E-07    0.276505101131793189E+02    0.484489640259784871E+01   -0.244471974728908714E+01
    0.435572455321518566E-07    0.270814508365880684E+02    0.466818059254790718E+01   -0.298391350503373465E+01
    0.683844596382529274E-07    0.261593117598694818E+02    0.470204843212278778E+01   -0.282769306729282555E+01
    0.857358084831563539E-07    0.256870618137354541E+02    0.470621266814107031E+01   -0.281031899615663239E+01
    0.115644037144476387E-06    0.250685693052495999E+02    0.486611736854716614E+01   -0.207380542806224089E+01
    0.149226302589377224E-06    0.245386750348657188E+02    0.469405149183705817E+01   -0.287008079525411031E+01
    0.222190213144036402E-06    0.237225352989989879E+02    0.487336359978725664E+01   -0.204470997202405602E+01
    0.223293658227425002E-06    0.236926274445425449E+02    0.471268057823181152E+01   -0.278576749563217163E+01
    0.227104995562188872E-06    0.236387780688351370E+02    0.487000656937467635E+01   -0.231971284192203386E+01
    0.251166531597380105E-06    0.234173705776958307E+02    0.486424908937121536E+01   -0.208746675071473220E+01
    0.264909605992247962E-06    0.232908256442934167E+02    0.482011540285546580E+01   -0.229056652741399569E+01
    0.269092707429932704E-06    0.232394910459292028E+02    0.481579807080807676E+01   -0.231058425824395197E+01
    0.536891192472565420E-06    0.218380120551882584E+02    0.491409950571127574E+01   -0.211257663438806320E+01
    0.569592575911476885E-06    0.216997603086581989E+02    0.478838532731679667E+01   -0.269184101463599523E+01
    0.577287042872559522E-06    0.216529237260417773E+02    0.473168653699802277E+01   -0.270398136847789683E+01
    0.118981126459426478E-05    0.201865030162657355E+02    0.488089717813247770E+01   -0.226086228854204041E+01
    0.216998051951019731E-05    0.189646560223373584E+02    0.479682606797523992E+01   -0.264541897203217724E+01
    0.290974013388627690E-05    0.183579648507413893E+02    0.486498342098589731E+01   -0.232910994351486700E+01
    0.383556697052740803E-05    0.177854578730569308E+02    0.491518151889791710E+01   -0.209677577334002985E+01
    0.387227037577506222E-05    0.177464104121315351E+02    0.481303051749698430E+01   -0.256699832418305318E+01
    0.489367893739234098E-05    0.172582036838795005E+02    0.492976439107683273E+01   -0.202835901471191704E+01
    0.631405893218778798E-05    0.167285349556600416E+02    0.473345484434347519E+01   -0.271281691789772150E+01
    0.832010473125636689E-05    0.161567427177024641E+02    0.488241776932367610E+01   -0.224254705627235706E+01
    0.902551432663626225E-05    0.159739814196008094E+02    0.485123782983985574E+01   -0.217239986968747711E+01
    0.914313424305005498E-05    0.159280859196356399E+02    0.488558372511523142E+01   -0.222730556286242054E+01
    0.137200247503315017E-04    0.150963795504807514E+02    0.479696379029309306E+01   -0.242533015918499206E+01
    0.145789131963087853E-04    0.149549400368277130E+02    0.486900531981168161E+01   -0.209466790320187002E+01
    0.166447372277720838E-04    0.146699042349014572E+02    0.474869660996136922E+01   -0.264990270083165846E+01
    0.210370097743765854E-04    0.141815258894337042E+02    0.475482777488509623E+01   -0.262342155701649915E+01
    0.209992058344204547E-04    0.141651231637934671E+02    0.472196286730672732E+01   -0.298069412656564525E+01
    0.253890806003440026E-04    0.137654540350574930E+02    0.475653158154875566E+01   -0.261718466643969583E+01
    0.255861385882870751E-04    0.137299909160983731E+02    0.478895107113859453E+01   -0.266616485640962608E+01
    0.399190800165039565E-04    0.128203835919951246E+02    0.472492708256628902E+01   -0.276816197956226517E+01
    0.417604293057704238E-04    0.127101939553287462E+02    0.475015263429615775E+01   -0.284399188406444914E+01
    0.452986592396683807E-04    0.125275375336076920E+02    0.468110288187042389E+01   -0.297416365727014442E+01
    0.555371933973215206E-04    0.120999865077842870E+02    0.472215804606190659E+01   -0.297264431022140796E+01
    0.604413707411253939E-04    0.119107447699582032E+02    0.475143433765456003E+01   -0.264872300448541687E+01
    0.610132247113746572E-04    0.118719111245469726E+02    0.480443445644384415E+01   -0.258810037964650963E+01
    0.677805820743822968E-04    0.116415408953067061E+02    0.475789742330317900E+01   -0.261965037867772432E+01
    0.698769103985165087E-04    0.115606218603315334E+02    0.470108091831207275E+01   -0.288434755802154541E+01
    0.817786462350910629E-04    0.112260600808753228E+02    0.472370477260089316E+01   -0.296334671257179316E+01
    0.847138476769356029E-04    0.111355342446575332E+02    0.492642976929223231E+01   -0.202392681046990663E+01
    0.138224469726544631E-03    0.101363344911725974E+02    0.486752581596374512E+01   -0.229073071479797363E+01
    0.153731014140214250E-03    0.990368357540343958E+01    0.472359362627710766E+01   -0.295872315741225433E+01
    0.195918178892741715E-03    0.939869816810661085E+01    0.487978402847722048E+01   -0.206854199969281849E+01
    0.195925527286681201E-03    0.937862315458643003E+01    0.488594503655283230E+01   -0.220306211368288274E+01
    0.212208461602476835E-03    0.919895420102179706E+01    0.485392055024171576E+01   -0.234971923339110855E+01
    0.215164792416234249E-03    0.915128398121451880E+01    0.484039353732742228E+01   -0.241090033692748307E+01
    0.219067297659523205E-03    0.909533444727312457E+01    0.475682804241538282E+01   -0.263616215631748485E+01
    0.281667247695325444E-03    0.857263959997187364E+01    0.485857772827148438E+01   -0.216983211040496826E+01
    0.282076258616335948E-03    0.854973749298032537E+01    0.484588068538675465E+01   -0.222827265177002065E+01
    0.379016664750078528E-03    0.793893205412783409E+01    0.479438561563739807E+01   -0.261906779604256368E+01
    0.405883421504039357E-03    0.778196044455946367E+01    0.471951968352971818E+01   -0.281607366195794473E+01
    0.402676745709763719E-03    0.777782416249391151E+01    0.479482790942017800E+01   -0.261630360304253484E+01
    0.435122194218201931E-03    0.760283860721171401E+01    0.481262376975624662E+01   -0.253323044999987967E+01
    0.431687267058924768E-03    0.759868958850650511E+01    0.486626406746933160E+01   -0.213944396648355406E+01
    0.429970853952462188E-03    0.758665755322415780E+01    0.468741696443065159E+01   -0.296894015434371683E+01
    0.442193637114172142E-03    0.751059664467011601E+01    0.471981757621944986E+01   -0.281674260539854604E+01
    0.459999610018540887E-03    0.741164111959902350E+01    0.490030906970272540E+01   -0.212869328245318901E+01
    0.546881836627356949E-03    0.704562688640263257E+01    0.485542389489304593E+01   -0.219213797298762758E+01
    0.547887314434032028E-03    0.702195313257639775E+01    0.490580436978644574E+01   -0.210169859531202929E+01
    0.691446345804928278E-03    0.653652128885781014E+01    0.473739570183198389E+01   -0.273957214534321070E+01
    0.701241342728774523E-03    0.648838818044126686E+01    0.469165587425231934E+01   -0.295376294851303101E+01
    0.719890290921806875E-03    0.641589474963236128E+01    0.469561629389649227E+01   -0.293552802591782269E+01
    0.847229404554342082E-03    0.607014939977257306E+01    0.486430736230609639E+01   -0.228771038219031020E+01
    0.913394713223726596E-03    0.589975617756211790E+01    0.481150574854963242E+01   -0.253036164587058243E+01
    0.103519856740201619E-02    0.562939532327211545E+01    0.475915780460958970E+01   -0.264387997259545937E+01
    0.111900436607543412E-02    0.545370318285368594E+01    0.480035758504263566E+01   -0.245459058721816747E+01
    0.126719285223007112E-02    0.518497364210705403E+01    0.485853654657828482E+01   -0.230958596929390358E+01
    0.129618151746830734E-02    0.511973654923362798E+01    0.486438489474020930E+01   -0.216207660223763076E+01
    0.131153575355169062E-02    0.507618428197832738E+01    0.475592534093414265E+01   -0.278341196443639349E+01
    0.141388761598145222E-02    0.490589567540516924E+01    0.476259477202104975E+01   -0.275139409912499877E+01
    0.157722206707169139E-02    0.466725161659030530E+01    0.471736625295605894E+01   -0.296172089518022430E+01
    0.159060940850335331E-02    0.463034740785072962E+01    0.474391964765908991E+01   -0.272083818258191457E+01
    0.157776747602152677E-02    0.462656012909365355E+01    0.472747643495247338E+01   -0.279672448691770503E+01
    0.177893095697206254E-02    0.436655664921026698E+01    0.476083202413855222E+01   -0.264416618178795737E+01
    0.185402893692377248E-02    0.426385969531752984E+01    0.476535754114003396E+01   -0.262391102702396450E+01
    0.207693385528743288E-02    0.401679644880442410E+01    0.487441170215606689E+01   -0.212332904338836670E+01
    0.207061101848322925E-02    0.400289436156466127E+01    0.474712981962499647E+01   -0.281798079023187320E+01
    0.208539417786965083E-02    0.396866606199593930E+01    0.488833141682210393E+01   -0.216544741354144321E+01
    0.208703269113332457E-02    0.394709526073390515E+01    0.477027809928060798E+01   -0.270987311865829428E+01
    0.213406062381478164E-02    0.388252872300563379E+01    0.478929754577062639E+01   -0.262127910109097284E+01
    0.225086907052197190E-02    0.375594905461885853E+01    0.472928121307870875E+01   -0.279501131955193038E+01
    0.224625558738064668E-02    0.374005255195168829E+01    0.472294561481000663E+01   -0.282468085830872173E+01
    0.228802106917252394E-02    0.368320728096959726E+01    0.482016640114168915E+01   -0.247733032295915834E+01
    0.274089258221347229E-02    0.330201459046144130E+01    0.491366825282137398E+01   -0.204473049183137245E+01
    0.283372715365913302E-02    0.321539612387215046E+01    0.477930259742452712E+01   -0.256705810813818358E+01
    0.284144004502059162E-02    0.318995988149187015E+01    0.471167947521957053E+01   -0.297885327720704574E+01
    0.301647942780273147E-02    0.305040104705728776E+01    0.488847497323992286E+01   -0.206593898713468871E+01
    0.300240189691985309E-02    0.303975664374945165E+01    0.477992681739547542E+01   -0.265888918355954207E+01
    0.306711065606953600E-02    0.297710991690774884E+01    0.473007777349235692E+01   -0.279731290322999016E+01
    0.309180828870413236E-02    0.294106959214204311E+01    0.474008492699378969E+01   -0.275148989778061148E+01
    0.324966518991604480E-02    0.282147789993375042E+01    0.470974046724302564E+01   -0.289368431183873520E+01
    0.327589856883679295E-02    0.278539743779283810E+01    0.477975728172657721E+01   -0.256842964016367192E+01
    0.324483898532037770E-02    0.278445038581031179E+01    0.486260095224949573E+01   -0.218691165572986002E+01
    0.328642107900586206E-02    0.273898353554362251E+01    0.492176144111682490E+01   -0.200350656249627246E+01
    0.331796914055777249E-02    0.269987606280974957E+01    0.475986403380424861E+01   -0.274992311812516999E+01
    0.355286944619876387E-02    0.254307070163483306E+01    0.488330095983643453E+01   -0.209388159651220995E+01
    0.360185832982911746E-02    0.249568201501760711E+01    0.487435328960418701E+01   -0.221921294927597046E+01
    0.366154965583450655E-02    0.244280892295498031E+01    0.475496134823455474E+01   -0.277071193050358966E+01
    0.370301091746596308E-02    0.240028934462254018E+01    0.485899991772079076E+01   -0.220671735388293211E+01
    0.373822088317988556E-02    0.236136224790690497E+01    0.473161830325995147E+01   -0.287936059770783404E+01
    0.384894164892411088E-02    0.228298541677794198E+01    0.471922167103204160E+01   -0.293607487958129587E+01
    0.399943435706540985E-02    0.218627596425514792E+01    0.490361653551447496E+01   -0.208224695098323309E+01
    0.411768926576787982E-02    0.210799754863170596E+01    0.481761559108605475E+01   -0.239989296024337939E+01
    0.433177181355569058E-02    0.198662853876158296E+01    0.481044891207612935E+01   -0.243398653002145871E+01
    0.437398261372699913E-02    0.194723395036302072E+01    0.481475904710923341E+01   -0.241462060586474481E+01
    0.433905926726334181E-02    0.194326671318541178E+01    0.477956647067404994E+01   -0.257695954633899671E+01
    0.432261944784551998E-02    0.193085870069704080E+01    0.477677894841461814E+01   -0.266436914117248413E+01
    0.430411587574760623E-02    0.191943835442698774E+01    0.471524189283716311E+01   -0.295152858268310103E+01
    0.428559385469677676E-02    0.190806358174623525E+01    0.476218223290281628E+01   -0.273190322026513410E+01
    0.426393811631799267E-02    0.189819549762955853E+01    0.471491092922051891E+01   -0.287880402741178765E+01
    0.422466034545403071E-02    0.189670411309065834E+01    0.475049716810840383E+01   -0.271208529008128663E+01
    0.442862761034807859E-02    0.178240236191476509E+01    0.487973324430969591E+01   -0.211740625250221903E+01
    0.441394634768826205E-02    0.176904353957163374E+01    0.483409325950610835E+01   -0.232640821491230598E+01
    0.449318481309126782E-02    0.171345831942188109E+01    0.489733723136429777E+01   -0.203735462785038646E+01
    0.452327914323362792E-02    0.168010743506537974E+01    0.470554164873678538E+01   -0.299500365971284754E+01
    0.453348308663186535E-02    0.165560077034048270E+01    0.491880134967472493E+01   -0.200768864155098736E+01
    0.460161708189055565E-02    0.160576628250690900E+01    0.491046776136891427E+01   -0.204540683751800856E+01
    0.476947788865038878E-02    0.151410816182202712E+01    0.476714552609661979E+01   -0.263895749747356634E+01
    0.479365998605483113E-02    0.148399342782433519E+01    0.488178233264201911E+01   -0.211120444175222577E+01
    0.490039143455881475E-02    0.141995167196912786E+01    0.478663489045782686E+01   -0.254988503414840872E+01
    0.495759050214815075E-02    0.137674217133389765E+01    0.470462995055430433E+01   -0.293197799014797633E+01
    0.496139842408468371E-02    0.135520656235119419E+01    0.478531825542449951E+01   -0.255672538280487061E+01
    0.494773473493763296E-02    0.134072215996711663E+01    0.489585335541376221E+01   -0.204829285084096568E+01
    0.490024884957553433E-02    0.134000986611937645E+01    0.478727082341879040E+01   -0.261001737404439149E+01
    0.485935362676721046E-02    0.133677098410929363E+01    0.475134920765930424E+01   -0.277577454007821789E+01
    0.484323045629030027E-02    0.132341794956905745E+01    0.472551530710839707E+01   -0.289792987053252027E+01
    0.490366574953944763E-02    0.127861576988659476E+01    0.488072413148540729E+01   -0.211845126463659339E+01
    0.490110498392697363E-02    0.125966047179359197E+01    0.470725625244076973E+01   -0.298360934464795946E+01
    0.491072271573045165E-02    0.123573959785318399E+01    0.482522013751987089E+01   -0.237412937798298751E+01
    0.487355885501441176E-02    0.123093296250567885E+01    0.476196108016452957E+01   -0.266632003469761170E+01
    0.494545554306820550E-02    0.118164367945504223E+01    0.483625752597722247E+01   -0.232399573951866945E+01
    0.490257346681181438E-02    0.117906131591419916E+01    0.477343349268448591E+01   -0.267199259939572009E+01
    0.498039099146286527E-02    0.112756504443562866E+01    0.479885632198479950E+01   -0.249702000655876422E+01
    0.497077930926353648E-02    0.111142858405875766E+01    0.486793906312666458E+01   -0.217924314190730861E+01
    0.505938864905763203E-02    0.105609053371742401E+01    0.486807068532474396E+01   -0.223396466362951340E+01
    0.502703933496717343E-02    0.104891942618942946E+01    0.482066203046715636E+01   -0.245206895031284144E+01
    0.503353629832765329E-02    0.102633628800709920E+01    0.480418658256530762E+01   -0.252780967950820923E+01
    0.498511221788921349E-02    0.102567001648553524E+01    0.483541512663469053E+01   -0.232990158858444874E+01
    0.493931592372990388E-02    0.102412815576223837E+01    0.490587563622131118E+01   -0.200630886150305443E+01
    0.491107488494158320E-02    0.101559617432702520E+01    0.477216922822550504E+01   -0.267581899069572238E+01
    0.487682386638037084E-02    0.100959352319083817E+01    0.471541443283770434E+01   -0.294065352035369543E+01
    0.488378165176700345E-02    0.986742148221430027E+00    0.489933187026050732E+01   -0.208945118460713219E+01
    0.484897625893019203E-02    0.981046640957167537E+00    0.484615386274291815E+01   -0.228110658810078126E+01
    0.483497916792339187E-02    0.966828204434992289E+00    0.475212864067990015E+01   -0.271541529882356025E+01
    0.483697314408592077E-02    0.946003561745934252E+00    0.489650678634643555E+01   -0.210188108682632446E+01
    0.481784616095689861E-02    0.933927897788767503E+00    0.490219711501637523E+01   -0.207560710472390397E+01
    0.478134963176955752E-02    0.929136132243221002E+00    0.481692886244124630E+01   -0.241636213008766321E+01
    0.474341702500961221E-02    0.925066310345033727E+00    0.483658903910705185E+01   -0.237705223876266647E+01
    0.472072284446113828E-02    0.914657979258912568E+00    0.484189905336565118E+01   -0.230160612397169340E+01
    0.469005089689795377E-02    0.907694975796049297E+00    0.477343117581412102E+01   -0.266852785917124624E+01
    0.471548120947729195E-02    0.876879904725141324E+00    0.470605120566979096E+01   -0.293191880005336847E+01
    0.475494166778911345E-02    0.840212988289023133E+00    0.470487459938493213E+01   -0.293800878788121089E+01
    0.477872923242504861E-02    0.810232524625488115E+00    0.489516904735782354E+01   -0.205844461580689941E+01
    0.481609915719645541E-02    0.774653251201879556E+00    0.490533874228911237E+01   -0.205898748394264874E+01
    0.476847931983427273E-02    0.774526938630489048E+00    0.480787401407577519E+01   -0.250732022294926882E+01
    0.473649327095926938E-02    0.767987753719614696E+00    0.472463648198973463E+01   -0.289389890882953127E+01
    0.500416004004551086E-02    0.638042695995959530E+00    0.475859369251879727E+01   -0.269083710248833752E+01
    0.500497676754340769E-02    0.617716303214880802E+00    0.472237603025121189E+01   -0.290210540334508238E+01
    0.496651302933324469E-02    0.613145864801648455E+00    0.488091426620536417E+01   -0.216855726592787779E+01
    0.494740224578005955E-02    0.600856565042400703E+00    0.478426051099398464E+01   -0.261371577741806060E+01
    0.490822008749896080E-02    0.596759108134847449E+00    0.479353930501343672E+01   -0.252947191128205251E+01
    0.486490407995895588E-02    0.594487846840876411E+00    0.487034864091937525E+01   -0.217586923997745085E+01
    0.487659892950297220E-02    0.569685772601996376E+00    0.490105870465808735E+01   -0.207534674995499513E+01
    0.485002122750006863E-02    0.560615681540855837E+00    0.478193920473497336E+01   -0.258372261034457784E+01
    0.490339996416138454E-02    0.518724175554878042E+00    0.490089820478708305E+01   -0.203705623268676028E+01
    0.486275217830552282E-02    0.515372706104559097E+00    0.478000940768358706E+01   -0.263189308399369715E+01
    0.488765670689494860E-02    0.485155869850186605E+00    0.471663964957192317E+01   -0.288884022720071876E+01
    0.485862811409114564E-02    0.477069611003954952E+00    0.475506674969481136E+01   -0.274690754686105532E+01
    0.484352878672486033E-02    0.463294758550413799E+00    0.473885641566234384E+01   -0.282216700274607168E+01
    0.482563601504533944E-02    0.450696759641533273E+00    0.469542078678823582E+01   -0.298946496843686660E+01
    0.491383977915817345E-02    0.394470507841727269E+00    0.480059799637509954E+01   -0.253432263354997600E+01
    0.489406635093520091E-02    0.382534799954932447E+00    0.478453411729676237E+01   -0.257526774372774891E+01
    0.486133465139873371E-02    0.375955805347345462E+00    0.480881772155123510E+01   -0.246329108604201830E+01
    0.482294225705831841E-02    0.371813507821845524E+00    0.478679472164824737E+01   -0.256505508238170998E+01
    0.480374871853683945E-02    0.359788652761176886E+00    0.477504939173424425E+01   -0.265176031570220427E+01
    0.475736497264419959E-02    0.359193969454121353E+00    0.476465859789589263E+01   -0.266779343619272913E+01
    0.472010494669067825E-02    0.354919777391478009E+00    0.477345839502693714E+01   -0.265902686294599855E+01
    0.470528457665211723E-02    0.341209334853624535E+00    0.478287394758242268E+01   -0.261511223952430871E+01
    0.466329837566908500E-02    0.339135837631481141E+00    0.483802222356245437E+01   -0.232958596059984036E+01
    0.464715785486355566E-02    0.326070207580778315E+00    0.478940601976447589E+01   -0.258454727835711839E+01
    0.460689599825777740E-02    0.323473223073946492E+00    0.471586741068707571E+01   -0.292792884599601377E+01
    0.457557718481466265E-02    0.317116142258490774E+00    0.475622188657745948E+01   -0.270830830114716292E+01
    0.453027080351012072E-02    0.317018409563768311E+00    0.479860302383260251E+01   -0.254182934910960556E+01
    0.450788380673936354E-02    0.306926203143138343E+00    0.486605436515608147E+01   -0.223091121679743853E+01
    0.449351872911799184E-02    0.293309692720081394E+00    0.480767595767974854E+01   -0.246964937448501587E+01
    0.445396783780883498E-02    0.290991149346407296E+00    0.476854245566809265E+01   -0.265142234608846072E+01
    0.442651915534755021E-02    0.283354782059196675E+00    0.485339210403755761E+01   -0.228851361084022242E+01
    0.439697706778220242E-02    0.276747295505915980E+00    0.487711913121871365E+01   -0.217932838815038021E+01
    0.438907103934665227E-02    0.260346652337572482E+00    0.483376995353670669E+01   -0.235110276226208637E+01
    0.436177371511482087E-02    0.252824264974143342E+00    0.485463020008152402E+01   -0.228204581791920091E+01
    0.433899086245539273E-02    0.243298243221276966E+00    0.488640836505519083E+01   -0.213576851438513549E+01
    0.429587481677075594E-02    0.243271410435535296E+00    0.471618045835281396E+01   -0.292339086121308434E+01
    0.425569207174203695E-02    0.242067049313824889E+00    0.486976084858342162E+01   -0.221220242411706458E+01
    0.422115692382440868E-02    0.238363358948766868E+00    0.472311468632801557E+01   -0.286423612044726417E+01
    0.419355416177843911E-02    0.231484599010829184E+00    0.479864317742221225E+01   -0.253948575617790739E+01
    0.415676914082246159E-02    0.229105597659835625E+00    0.482654070569904370E+01   -0.241071994018642188E+01
    0.411930532680805390E-02    0.227212766734510185E+00    0.479604120581424365E+01   -0.252594212720552047E+01
    0.407937695682632218E-02    0.226693304838754939E+00    0.487317838199053810E+01   -0.217082227828114194E+01
    0.404381688214845280E-02    0.224203807498456781E+00    0.487135031434581212E+01   -0.217928919374783536E+01
    0.400912159727344168E-02    0.221437516481082508E+00    0.473776773334439127E+01   -0.279627815449021266E+01
    0.398920757103782969E-02    0.211396630173721095E+00    0.487426809846156051E+01   -0.219064823293277122E+01
    0.395995878012611515E-02    0.206114612722452129E+00    0.475933156399453683E+01   -0.272081916403287227E+01
    0.393401579505732197E-02    0.199260375087097985E+00    0.483528519677383528E+01   -0.236959084715863000E+01
    0.389630323701626929E-02    0.198525413706403503E+00    0.482557515071329490E+01   -0.239058041793144405E+01
    0.386383120462724947E-02    0.195263382441936278E+00    0.483869614090687605E+01   -0.233026891999503949E+01
    0.382705700523374142E-02    0.194389641282374848E+00    0.490421041883157738E+01   -0.205180464383803285E+01
    0.379198047587935103E-02    0.192804973801704943E+00    0.480387251865586329E+01   -0.248996907840714776E+01
    0.376463308855176995E-02    0.187281038502608410E+00    0.479782351089229042E+01   -0.251889797586034137E+01
    0.373710356435919206E-02    0.181960118320077441E+00    0.476958056444710188E+01   -0.264967336415147692E+01
    0.370687885167076759E-02    0.178201359685306843E+00    0.487700333872770742E+01   -0.215470470356570321E+01
    0.367114367243594111E-02    0.177575363253774349E+00    0.472129403488186927E+01   -0.289744182210810308E+01
    0.364537804895982264E-02    0.171661690592519178E+00    0.481633348077984191E+01   -0.245607902314603210E+01
    0.361048966110155516E-02    0.170895038347106953E+00    0.477989720257909667E+01   -0.260147389688597119E+01
    0.358084801716261223E-02    0.167382547700252154E+00    0.483417157421926902E+01   -0.237373881767311801E+01
    0.354947880527975738E-02    0.164980290439287441E+00    0.482566393808573224E+01   -0.239036945723163274E+01
    0.351424325772489070E-02    0.164933419679103327E+00    0.479506002180156621E+01   -0.253255919987565337E+01
    0.348649515341614572E-02    0.160787889872972350E+00    0.472555876819273379E+01   -0.287689741237730834E+01
    0.345699325748347486E-02    0.157783423944183848E+00    0.470298208891979286E+01   -0.298303788250279878E+01
    0.342472345881807269E-02    0.156540392021855324E+00    0.491341581756929457E+01   -0.200929895316227958E+01
    0.339902274393138722E-02    0.151605920926310839E+00    0.474399848080601938E+01   -0.276946551595742818E+01
    0.338443550602483866E-02    0.140207586834306230E+00    0.483224118319976181E+01   -0.238085238774990282E+01
    0.335295921567889572E-02    0.138895237271543848E+00    0.478854220225743177E+01   -0.258330554095952136E+01
    0.333121252379801934E-02    0.131909127074847504E+00    0.470141814710418515E+01   -0.296930867828351541E+01
    0.330953780930811833E-02    0.124964755050701593E+00    0.487729427289258766E+01   -0.217395722542528613E+01
    0.328351174857754958E-02    0.120754835613110637E+00    0.481223516948445695E+01   -0.245469795682289638E+01
    0.325307661876301319E-02    0.119379444076037011E+00    0.489153781638082563E+01   -0.210834758242591747E+01
    0.322528992917761777E-02    0.116536151574544666E+00    0.475119485402798514E+01   -0.275613163705580799E+01
    0.319519844595672186E-02    0.115283450406331589E+00    0.487923590499550919E+01   -0.216467213855447049E+01
    0.317019554845458795E-02    0.110995298636242523E+00    0.478761946683828921E+01   -0.258675568678337076E+01
    0.313922834913062934E-02    0.110627802959775812E+00    0.475234982088212021E+01   -0.273216369203970366E+01
    0.331770824162822128E-02    0.139062252078614428E-308    0.491173863410949707E+01   -0.264605158567428589E+01
    0.331770824162822128E-02    0.367049668598312191E-315    0.467185737013816293E+01   -0.226359077118156460E+01
    0.331770824162822128E-02    0.428746214935867021E-315    0.479676895164523032E+01   -0.245730809792178695E+01
    0.326933290860961486E-02    0.293765905779136763E-01    0.480168082390988094E+01   -0.250811735749794407E+01
    0.329416132491481325E-02    0.142452999262216769E-01    0.481027397881417684E+01   -0.247636319800544369E+01
    0.331770824162822128E-02    0.139062252089163718E-308    0.451165175437927246E+01   -0.267564642429351807E+01
    0.331770824162822128E-02    0.576636426190342374E-315    0.451522101728403857E+01   -0.272944632710137691E+01
    0.331770824162822128E-02    0.403840879557281458E-315    0.452483249809390387E+01   -0.271544123044263142E+01
    0.331770824162822128E-02    0.404532413360452534E-315    0.495409155312196070E+01   -0.247219914226440629E+01
    0.331770824162822128E-02    0.139064669160068838E-308    0.509360194206237793E+01   -0.240536582469940186E+01
    0.331770824162822128E-02    0.358102258327882218E-315    0.496583011307456079E+01   -0.246303914184076156E+01
    0.331770824162822128E-02    0.570960916252931472E-315    0.496788256005214457E+01   -0.247572669925960875E+01
    0.331770824162822128E-02    0.571275537256203178E-315    0.497739978668125005E+01   -0.251136450587346927E+01
    0.331770824162822128E-02    0.465231184244918050E-315    0.496387596328121550E+01   -0.241089575143846524E+01
    0.328007313950334214E-02    0.228170702535407700E-01    0.490055198343266341E+01   -0.206097288335196094E+01
    0.314477140341420328E-02    0.107066108222931514E+00    0.489864485381814863E+01   -0.207525234127982872E+01
    0.322748675965754206E-02    0.551410290509218512E-01    0.481199212190890879E+01   -0.247135835607283116E+01
    0.330593439219078848E-02    0.711020354744244104E-02    0.481096947035491418E+01   -0.247208119374897839E+01
    0.321958520050577004E-02    0.600434487272811443E-01    0.479942205995654891E+01   -0.251656986241991820E+01
    0.328249944948285103E-02    0.213381928424895111E-01    0.473989747873563783E+01   -0.280304331437133447E+01
    0.326505133752349238E-02    0.319975394156865947E-01    0.482164185211935425E+01   -0.241585757918235622E+01
    0.331770824162822128E-02    0.577975857918843827E-315    0.482302700316651034E+01   -0.240878666695729482E+01
    0.331734497712915825E-02    0.218997188083700541E-03    0.471711537888232879E+01   -0.290528215617392682E+01
    0.330982836578367842E-02    0.475584219258700421E-02    0.485374012513318664E+01   -0.227103690307014761E+01
    0.331770824162822128E-02    0.440744658432999194E-315    0.482459585617585507E+01   -0.235265135797935621E+01
    0.324929121294996372E-02    0.416747433388777316E-01    0.473417548841801050E+01   -0.283198343439639988E+01
    0.328959903248480980E-02    0.170171463559854325E-01    0.476713271973981989E+01   -0.266900725122496230E+01
    0.331744578714889774E-02    0.158220579850481771E-03    0.472694243048326079E+01   -0.285996153449006130E+01
    0.315121662272685368E-02    0.102971296392064302E+00    0.490142652446847560E+01   -0.206143184236796184E+01
    0.329922801124492076E-02    0.111715015690476132E-01    0.491171891247649839E+01   -0.200945411143583863E+01
    0.331770824162822128E-02    0.460107130618769314E-315    0.478793553626256418E+01   -0.249774343495328210E+01
    0.330516509901314370E-02    0.757565906335849575E-02    0.488152819137920169E+01   -0.214290684489572492E+01
    0.331704592767703525E-02    0.399299769960323513E-03    0.484744707548085696E+01   -0.230234579905880521E+01
    0.324279080057606785E-02    0.456798773052827858E-01    0.483044090412376903E+01   -0.237439152854012914E+01
    0.331466682133352807E-02    0.183428740323738639E-02    0.485098985948724426E+01   -0.228665559395685758E+01
    0.330363825715386658E-02    0.849978514437879640E-02    0.477899826568921338E+01   -0.262000604193759656E+01
    0.330959669151796067E-02    0.489583880184393198E-02    0.487720162852703787E+01   -0.216690388111196475E+01
    0.330901530318349849E-02    0.524720451805244653E-02    0.470422926881127257E+01   -0.296832126148120601E+01
    0.326169933071115623E-02    0.340518584956939485E-01    0.490830919958494061E+01   -0.201739816843385045E+01
    0.331770824162822128E-02    0.636183747443236115E-315    0.481043812586761632E+01   -0.243591101717453595E+01
    0.327606128693831754E-02    0.252647644616353396E-01    0.478804844639215244E+01   -0.257142300797739320E+01
    0.314848497744130498E-02    0.104705756612640907E+00    0.482659045203901638E+01   -0.238918246767893949E+01
    0.325277401899320582E-02    0.395321586356499402E-01    0.480033511656957401E+01   -0.251359437438319766E+01
    0.331156939728460397E-02    0.370408145967402640E-02    0.472677783670985185E+01   -0.286203716634249972E+01
    0.331769087560115005E-02    0.104687159061041386E-04    0.476908116775721869E+01   -0.266356281987649712E+01
    0.331770824162822128E-02    0.364328117869508601E-315    0.482841346108250136E+01   -0.237657287566509323E+01
    0.329542248236333471E-02    0.134797538760904907E-01    0.470473989852836638E+01   -0.296709971011052076E+01
    0.331461993447573896E-02    0.186257814371493268E-02    0.474764988077375705E+01   -0.276183872377367745E+01
    0.324312312902128291E-02    0.454749233394348279E-01    0.490725959057968808E+01   -0.203276092539884434E+01
    0.331081149238641971E-02    0.416186539818264901E-02    0.489987283226165715E+01   -0.206269548265584124E+01
    0.331770678107954839E-02    0.880456560547851116E-06    0.490190621883502153E+01   -0.205163576155162231E+01
    0.326048736848752116E-02    0.347951443251135820E-01    0.481288446648471968E+01   -0.245602204968656324E+01
    0.320755108694636927E-02    0.675330223628593657E-01    0.483193050731975049E+01   -0.237925252759362049E+01
    0.325994154970772870E-02    0.351299804458120798E-01    0.477356484050652341E+01   -0.264770677693108736E+01
    0.331677137573214769E-02    0.564846653443160508E-03    0.489463928574743168E+01   -0.208437019074795415E+01
    0.330595445303054347E-02    0.709806732420600450E-02    0.487141046054888438E+01   -0.219392729909051676E+01
    0.319489989190863653E-02    0.754370026012274597E-01    0.487246418273375426E+01   -0.217949863455850990E+01
    0.322700717214903510E-02    0.554382405841302509E-01    0.481800297781022202E+01   -0.244365536637796321E+01
    0.330041734809620284E-02    0.104506526146570453E-01    0.473374619890407811E+01   -0.282504910854099700E+01
    0.331750469601804375E-02    0.122706301758930168E-03    0.484744608127121701E+01   -0.230218196117249008E+01
    0.328136623680233249E-02    0.220287692472706971E-01    0.482146953498398467E+01   -0.241746594737206388E+01
    0.329880380163091388E-02    0.114286749968967160E-01    0.479839601443873853E+01   -0.253071501390386100E+01
    0.324534372097005008E-02    0.441059761987278934E-01    0.471949042843404154E+01   -0.290021618445839646E+01
    0.323119171859666916E-02    0.528464671785583914E-01    0.471336151652092550E+01   -0.292955350397061309E+01
    0.330795965690649932E-02    0.588534886184852255E-02    0.471878730274247893E+01   -0.289574841197328370E+01
    0.329502354939849914E-02    0.137218819283649075E-01    0.489273427910493197E+01   -0.209684078899783932E+01
    0.331770693272736509E-02    0.789039311325801977E-06    0.481484961444380222E+01   -0.245191816233114013E+01
    0.331615084808005922E-02    0.939057375631731860E-03    0.475042022086941351E+01   -0.275093551665421376E+01
    0.331770303614962320E-02    0.313799906560790979E-05    0.476647760877410764E+01   -0.267549900991644662E+01
    0.328270938407985036E-02    0.212102855040354858E-01    0.490249896694252651E+01   -0.205279116263630623E+01
    0.331228959704632075E-02    0.326916896218701694E-02    0.486206648294974997E+01   -0.223307024535594989E+01
    0.325901418365474741E-02    0.356990078159429639E-01    0.478419414548716215E+01   -0.259854024550347296E+01
    0.318299153697195261E-02    0.829055328562221250E-01    0.485160823025428556E+01   -0.227499776790193398E+01
    0.318714005064494720E-02    0.803005541662730610E-01    0.477662935300367586E+01   -0.262089933446927503E+01
    0.330117198253562132E-02    0.999340851484495710E-02    0.485499950074649878E+01   -0.226973036631993663E+01
    0.315652533654480795E-02    0.996048206511970652E-01    0.482326805031435768E+01   -0.240470163965716299E+01
    0.318391327473505634E-02    0.823264522531350629E-01    0.482289875046395711E+01   -0.242244929199921799E+01
    0.331770824162822128E-02    0.427361250117444839E-315    0.482233381846526044E+01   -0.239184932459652266E+01
    0.329977898484760251E-02    0.108375279246585923E-01    0.473316946969359709E+01   -0.283399773746260664E+01
    0.331770824162822128E-02    0.656441861831787246E-315    0.478821494505935163E+01   -0.254874298549582079E+01
    0.328414768983217127E-02    0.203341855620815873E-01    0.483217295719618889E+01   -0.236831644418453813E+01
    0.331751036904282155E-02    0.119286249371280267E-03    0.474405735486624103E+01   -0.278002203659734182E+01
    0.315222977591811306E-02    0.102328376226866413E+00    0.479494852444756869E+01   -0.253521577991156422E+01
    0.322543842373420068E-02    0.564107391026724414E-01    0.489019083364370921E+01   -0.211079873066162627E+01
    0.327513942335729349E-02    0.258276314094654756E-01    0.479424499584756880E+01   -0.255132243161637096E+01
    0.331416443517614043E-02    0.213743958129738228E-02    0.477973571700413213E+01   -0.261289232846532737E+01
    0.316402176678089782E-02    0.948606530159580574E-01    0.475919925502094543E+01   -0.271683259648430653E+01
    0.320442081846916910E-02    0.694857874541940923E-01    0.478016049959756462E+01   -0.261919061359573124E+01
    0.321450314016854958E-02    0.632029088559020458E-01    0.476776390714692511E+01   -0.266282469750374506E+01
    0.323445727806924909E-02    0.508262153820653456E-01    0.488664146520265064E+01   -0.211571365720981230E+01
    0.329731787753864908E-02    0.123297645702395795E-01    0.476788232024184477E+01   -0.267200603797946457E+01
    0.330882873875640087E-02    0.535996899298600993E-02    0.473167618383799660E+01   -0.283550283375226408E+01
    0.331543807157846492E-02    0.136898541427948168E-02    0.490673407907576031E+01   -0.202853778258388395E+01
    0.331369903621202494E-02    0.241831378269630583E-02    0.474902613051231448E+01   -0.275791848279579233E+01
    0.331770824162822128E-02    0.440963786428242704E-315    0.478111160618349551E+01   -0.259418338753879674E+01
    0.331582985020592970E-02    0.113266341219098719E-02    0.471945520288241127E+01   -0.289561469876755240E+01
    0.330664804569157957E-02    0.667850926747465354E-02    0.487278155306372884E+01   -0.218318222618674174E+01
    0.330080606773576436E-02    0.102151086159028865E-01    0.482613900347743829E+01   -0.239721565672226733E+01
    0.331770824162822128E-02    0.501565641395620001E-315    0.495722949929364098E+01   -0.200781908024241362E+01
    0.331262838905067728E-02    0.306461276670679222E-02    0.490311642175786755E+01   -0.204757443742248846E+01
