    0.984187478897688484E-97    0.442128638886902138E+03    0.471587518013756224E+01   -0.210046935462714224E+01
    0.214449796406280253E-96    0.440557616856886739E+03    0.481279761403877693E+01   -0.291151802416319905E+01
    0.724532997632166650E-96    0.438109380234506773E+03    0.455895721782748442E+01   -0.282953067242858758E+01
    0.797330968071582560E-96    0.437904561793527364E+03    0.458827422709325639E+01   -0.269360163055586987E+01
    0.448228693557189950E-94    0.429832820650370593E+03    0.456806807061494169E+01   -0.279871505914961105E+01
    0.208582299375783347E-93    0.426744256919594250E+03    0.485116982460021973E+01   -0.272636783123016357E+01
    0.219938354750623947E-93    0.426624896352611472E+03    0.456782832045049147E+01   -0.280432947373441310E+01
    0.337448927900449308E-93    0.425755429273850154E+03    0.472723428298839998E+01   -0.207101267570214009E+01
    0.353620412691895637E-93    0.425648476174165012E+03    0.469540420973419437E+01   -0.221711425277094554E+01
    0.372046600808009824E-92    0.420928382534606897E+03    0.461511925018367819E+01   -0.259309146883464381E+01
    0.380255729425980994E-92    0.420871399439007234E+03    0.463928630060405034E+01   -0.248170572282797730E+01
    0.254798216600504267E-91    0.417053640067864649E+03    0.498015440292269762E+01   -0.212689241481226610E+01
    0.501804688621310481E-91    0.415684828628463492E+03    0.454624655803427302E+01   -0.292012029161077580E+01
    0.109199030012160344E-90    0.414116402702933044E+03    0.456187062976262858E+01   -0.284965233559683684E+01
    0.460805732443451191E-90    0.411223460631791852E+03    0.458247107963386835E+01   -0.275777439675429514E+01
    0.103857078615692726E-88    0.404979708605643680E+03    0.499443209171295166E+01   -0.205614638328552246E+01
    0.592621926901578848E-87    0.396878123234888790E+03    0.466385235987244506E+01   -0.240176371238117570E+01
    0.675448008300086010E-87    0.396603150799411935E+03    0.471723958607227090E+01   -0.215604094820810444E+01
    0.134641335060179730E-86    0.395210170722291480E+03    0.467652561414642509E+01   -0.234578023843641148E+01
    0.555881065745568968E-86    0.392360957598500534E+03    0.465401559745779725E+01   -0.245327049190381707E+01
    0.327483890414616493E-84    0.384195514886285309E+03    0.485368916503159564E+01   -0.269599854524409377E+01
    0.788426557001759326E-84    0.382424980762752909E+03    0.463100146630191212E+01   -0.257309554991289202E+01
    0.103733759663260581E-81    0.372652560163253895E+03    0.484729087352752686E+01   -0.272043114900588989E+01
    0.563850678466337098E-81    0.369253303133000372E+03    0.472057028572769166E+01   -0.217920820729470144E+01
    0.129094270599862342E-80    0.367583292702951155E+03    0.460037216446301223E+01   -0.273541201339228746E+01
    0.335603827707797979E-80    0.365659182444062708E+03    0.454616177082061768E+01   -0.299164509773254395E+01
    0.333588836778115967E-80    0.365657893456857778E+03    0.465428832727901476E+01   -0.248900425739474418E+01
    0.334476899893670212E-80    0.365639242900443605E+03    0.467896782978408687E+01   -0.237526785608253022E+01
    0.366500450488441209E-80    0.365443045703270798E+03    0.472852080859367430E+01   -0.214797010676176292E+01
    0.493463290285660316E-80    0.364834814931608150E+03    0.455187330416825997E+01   -0.296709159512279941E+01
    0.679508589883908864E-80    0.364181638787605721E+03    0.455238500015126668E+01   -0.296436602082028333E+01
    0.313521348826216030E-79    0.361110140106094434E+03    0.485142029938921571E+01   -0.269508371793955082E+01
    0.289283101122688342E-78    0.356652559904363500E+03    0.470930880780072503E+01   -0.224732663882298755E+01
    0.369656352685277445E-78    0.356148890570543301E+03    0.465371217572472240E+01   -0.250463662504423823E+01
    0.288395596189542144E-77    0.352026868375298079E+03    0.464536792518515895E+01   -0.254881637472598888E+01
    0.485443110929233965E-76    0.346366906917738447E+03    0.499786245822906494E+01   -0.201370555162429810E+01
    0.313284978095478618E-75    0.342624301108723955E+03    0.482487317313166031E+01   -0.281051123418961701E+01
    0.810198403393434794E-75    0.340710635954041322E+03    0.464319199485788658E+01   -0.257452244421003718E+01
    0.744345231235040729E-74    0.336261680859615751E+03    0.456079709529876709E+01   -0.296384447813034058E+01
    0.171596249077748778E-73    0.334577898579079147E+03    0.484159481525421143E+01   -0.272861051559448242E+01
    0.209859781287280683E-73    0.334161974703242606E+03    0.490959524415577686E+01   -0.241370509857156001E+01
    0.224620506164282631E-72    0.329407525705097441E+03    0.472696261850908606E+01   -0.220471121851903096E+01
    0.101334335545125792E-70    0.321775826071827908E+03    0.457685506263829467E+01   -0.290919391991998477E+01
    0.321551152918254985E-70    0.319453030068215469E+03    0.459002653959522444E+01   -0.285082643879339992E+01
    0.257858469286404345E-69    0.315276018093556615E+03    0.467120316855103290E+01   -0.248059341257286592E+01
    0.123080628891455006E-66    0.302926316613637596E+03    0.461327373981475830E+01   -0.276576453447341919E+01
    0.139135360350079355E-65    0.298062597864932002E+03    0.462304522224160053E+01   -0.272722051446242508E+01
    0.196093412662608303E-65    0.297362976799270143E+03    0.474810654252612352E+01   -0.215196462947743239E+01
    0.320661937491543076E-65    0.296366050919878830E+03    0.472895561457261238E+01   -0.224124262709981448E+01
    0.515721797998267257E-65    0.295402357476586133E+03    0.465143173301863833E+01   -0.259952799918698219E+01
    0.917987635745944569E-63    0.285025450865432049E+03    0.473052256097917301E+01   -0.224984900564436430E+01
    0.166177510580944851E-61    0.279220031888073493E+03    0.466063821315765381E+01   -0.257972460985183716E+01
    0.186648802248545808E-61    0.278974354093993270E+03    0.463820279941041846E+01   -0.268384167207936430E+01
    0.225627343510556254E-61    0.278581708905575567E+03    0.461098062992095947E+01   -0.281147021055221558E+01
    0.639863421851693505E-60    0.271878465317374776E+03    0.496369309444397366E+01   -0.213190788822688759E+01
    0.857191317441796095E-59    0.266675149029355566E+03    0.467077216963876829E+01   -0.255084624126605863E+01
    0.654617044430003281E-58    0.262595866979859125E+03    0.494794130325317383E+01   -0.219900548458099365E+01
    0.119771564576239594E-55    0.252163951287786517E+03    0.498444426059722900E+01   -0.202526026964187622E+01
    0.268910964499184429E-55    0.250533029878904188E+03    0.461358350800001471E+01   -0.283890936294453011E+01
    0.378234094572892656E-54    0.245232260431734659E+03    0.487366889702185446E+01   -0.253100144029552387E+01
    0.364038617219763621E-53    0.240690263609359562E+03    0.493106831028843473E+01   -0.226360705352667946E+01
    0.109098223413441433E-52    0.238481782779209937E+03    0.477671077882066619E+01   -0.210357040609216472E+01
    0.552327005094929907E-52    0.235224666120426974E+03    0.474406850337982178E+01   -0.225804227590560913E+01
    0.128418541406438942E-51    0.233523853575313240E+03    0.494416507439591157E+01   -0.219895484744501157E+01
    0.238058274252337109E-50    0.227670908637606288E+03    0.466645431518554688E+01   -0.262651276588439941E+01
    0.312463100578022356E-49    0.222508463337176948E+03    0.473801636695861816E+01   -0.230419778823852539E+01
    0.586859102076852945E-48    0.216629363064998842E+03    0.463456928730010986E+01   -0.279116511344909668E+01
    0.279634180736681613E-47    0.213493464563465864E+03    0.481926671637982817E+01   -0.276307813546859915E+01
    0.460907308774058137E-46    0.207875531632892915E+03    0.496451263053736991E+01   -0.208892678153713263E+01
    0.895962278216529584E-46    0.206532795590220189E+03    0.461107265949249268E+01   -0.291644608974456787E+01
    0.107184389133899263E-44    0.201555817280115321E+03    0.477042634563638224E+01   -0.218599132854155886E+01
    0.116047097869151236E-44    0.201383592925710190E+03    0.486744213710430440E+01   -0.253166993272414409E+01
    0.129533266978046615E-44    0.201150376369990028E+03    0.460446301711963368E+01   -0.295429708273284986E+01
    0.476194950093727906E-44    0.198533263849867609E+03    0.474556946754455566E+01   -0.230463945865631104E+01
    0.525667815848878395E-44    0.198322246206475199E+03    0.462895208153531357E+01   -0.284412718613121429E+01
    0.132679733435730519E-43    0.196457205246023108E+03    0.466012709087914168E+01   -0.270190259824861556E+01
    0.200954936712057895E-43    0.195613586947768198E+03    0.487024481686468658E+01   -0.251470228493520986E+01
    0.444840917699574782E-42    0.189405811343496026E+03    0.461070253515164552E+01   -0.294324257077146889E+01
    0.723469218223090719E-42    0.188419795471000413E+03    0.465683872866692372E+01   -0.272928977108216264E+01
    0.473618372653762688E-40    0.180043434011871199E+03    0.475168119051311422E+01   -0.230427563722303042E+01
    0.832876787300270781E-40    0.178901132997750864E+03    0.476865234407062211E+01   -0.222803198095680921E+01
    0.113538764374642152E-39    0.178268112282168090E+03    0.474425870090484292E+01   -0.234118133144691765E+01
    0.200907085304910769E-39    0.177113382500701334E+03    0.481715605483734599E+01   -0.274715265491619220E+01
    0.468595761738404636E-38    0.170801083096389021E+03    0.478775976534088255E+01   -0.287960875087527102E+01
    0.935090967977082758E-38    0.169405943093062831E+03    0.465884781808316717E+01   -0.274917045839629637E+01
    0.214569080991475501E-37    0.167731463721914849E+03    0.490505761072327751E+01   -0.233354100879929360E+01
    0.215437772244617947E-37    0.167710049657510780E+03    0.469584931130723859E+01   -0.257961105553229419E+01
    0.120422361350562126E-36    0.164254879871841354E+03    0.492391435656120091E+01   -0.224407090871587389E+01
    0.224279372799472430E-36    0.162997772071284118E+03    0.471761192410579788E+01   -0.248745522531099272E+01
    0.133896829174179568E-34    0.154805744171733437E+03    0.497232443210293429E+01   -0.201423452093388100E+01
    0.164439960389188072E-34    0.154381458939837785E+03    0.474980510343230833E+01   -0.235256054039763640E+01
    0.174413825194820932E-34    0.154250355086319558E+03    0.485580302684199872E+01   -0.255010421928438280E+01
    0.214851601051509014E-34    0.153819988191177316E+03    0.462388616258555629E+01   -0.293720774838164722E+01
    0.614285373718398495E-34    0.151705630785702397E+03    0.475919116589491420E+01   -0.231362209971293353E+01
    0.302862654340627879E-33    0.148501487629330171E+03    0.464164194061852253E+01   -0.286254833392274977E+01
    0.611797184991792743E-32    0.142476741282456203E+03    0.469938807766991751E+01   -0.260403064850157495E+01
    0.232503197703206194E-31    0.139793231467176668E+03    0.462818747518159856E+01   -0.293993195309865207E+01
    0.383292926202296503E-31    0.138780107056381098E+03    0.478503017164787359E+01   -0.221563604617490340E+01
    0.434293208307526234E-31    0.138516932955165316E+03    0.496659497683820561E+01   -0.202695576776657038E+01
    0.733954894310694463E-31    0.137454144274499697E+03    0.468407332897186279E+01   -0.268310856819152832E+01
    0.818794323315178065E-31    0.137222040249171357E+03    0.493079160520580828E+01   -0.219024506084630399E+01
    0.161534835501721650E-30    0.135849760933304026E+03    0.464847805924195256E+01   -0.285208664394058253E+01
    0.257320426395873077E-30    0.134905225030966449E+03    0.465812738442869190E+01   -0.280788153493883996E+01
    0.296905368635100959E-30    0.134605708977031242E+03    0.472627799936704029E+01   -0.249271602066080389E+01
    0.798541340936538435E-30    0.132613629092391136E+03    0.466761684417724609E+01   -0.276683419942855835E+01
    0.855062620312389578E-30    0.132463519825405996E+03    0.468531201390603602E+01   -0.268560029471630957E+01
    0.100871208148864394E-29    0.132119676646294607E+03    0.473080349455643834E+01   -0.247594234242885536E+01
    0.140884431723384558E-29    0.131438152543268302E+03    0.462430584430694580E+01   -0.297223299741744995E+01
    0.163246595358096969E-28    0.126525005041097970E+03    0.478527188301086426E+01   -0.223459672927856445E+01
    0.211933515259471949E-28    0.125989650296428437E+03    0.485761222438444396E+01   -0.251731013396403647E+01
    0.273153350270487103E-28    0.125468795479374947E+03    0.462241077423095703E+01   -0.299136990308761597E+01
    0.727383337100220657E-28    0.123496621616578153E+03    0.471870234066509386E+01   -0.254614809313106205E+01
    0.944507590059779599E-28    0.122960868086928144E+03    0.488809391224404610E+01   -0.237389058365049443E+01
    0.184274546312595677E-27    0.121610838523428555E+03    0.471832505420933046E+01   -0.255107582359470308E+01
    0.264309773416754686E-27    0.120876115081367246E+03    0.496318243885917276E+01   -0.202676121295875555E+01
    0.317293798731877900E-27    0.120497369037813129E+03    0.470398767720716560E+01   -0.261922373160939870E+01
    0.936122620960264095E-27    0.118320199067154505E+03    0.471948094406296725E+01   -0.255133513871389672E+01
    0.156823739153458853E-26    0.117274943505987807E+03    0.491860079765319824E+01   -0.222810798883438110E+01
    0.203542757910170990E-25    0.112134932784119229E+03    0.492736632177822997E+01   -0.218282661404287692E+01
    0.139407362536660352E-24    0.108273380829917087E+03    0.467279240645625737E+01   -0.278514815119793679E+01
    0.161971899316749057E-24    0.107960002403892943E+03    0.477626946790166063E+01   -0.287777199875977763E+01
    0.304581119673627214E-24    0.106683639879836591E+03    0.473315185140034345E+01   -0.250841795282510871E+01
    0.679587520862081622E-24    0.105065209401274728E+03    0.482686257362365723E+01   -0.208038216829299927E+01
    0.111137620706140034E-23    0.104068139417173981E+03    0.476732196422597720E+01   -0.235561989531711191E+01
    0.164630057359605557E-23    0.103268942842778330E+03    0.465349964062330379E+01   -0.288418499285136809E+01
    0.542160249787227433E-23    0.100871888026487696E+03    0.493695780145930474E+01   -0.212733527442137493E+01
    0.650438155265708905E-23    0.100494385494620758E+03    0.470271567364531684E+01   -0.266011780034366341E+01
    0.119054105581815911E-22    0.992720182998689893E+02    0.484118628501892090E+01   -0.202499079704284668E+01
    0.452713637525141160E-22    0.965873215259063755E+02    0.483010688088907614E+01   -0.208061499133943695E+01
    0.175062086360063593E-21    0.938690561838765376E+02    0.482026638263165630E+01   -0.213072740216322298E+01
    0.485611566253002480E-21    0.918151861150728337E+02    0.466731201648936977E+01   -0.284066157316474177E+01
    0.184886120327584809E-20    0.891280205721448766E+02    0.493185188139814557E+01   -0.213802332124720529E+01
    0.271183723343160510E-20    0.883485743041098885E+02    0.486960458755493164E+01   -0.242355918884277344E+01
    0.971629844115984416E-20    0.857828842187246892E+02    0.478926698132051243E+01   -0.228806662746217260E+01
    0.475269508323301947E-19    0.825945664674911484E+02    0.481906615677331551E+01   -0.265042430009287733E+01
    0.548331332271020213E-19    0.822952377419677248E+02    0.494462722567908930E+01   -0.207147503287013013E+01
    0.686407516833962803E-19    0.818327208605518308E+02    0.481126400001563947E+01   -0.268569835608019858E+01
    0.144559091661568198E-18    0.803297836140664856E+02    0.479839600171995162E+01   -0.225656134149143028E+01
    0.303584772928513138E-18    0.788325052278829901E+02    0.469941217519755217E+01   -0.271611051992211783E+01
    0.357462442912553510E-18    0.784924330693374230E+02    0.487075448036193848E+01   -0.240673786401748657E+01
    0.273061598874281913E-17    0.744125953403969191E+02    0.477804023717110571E+01   -0.236168753619623129E+01
    0.107448765863080687E-16    0.716594583596714330E+02    0.470513237729949907E+01   -0.270387505909768233E+01
    0.171118360002595748E-16    0.707154423393606351E+02    0.480672895908355713E+01   -0.269281166791915894E+01
    0.340927175635456429E-16    0.693234821810991946E+02    0.466914857766495839E+01   -0.287630045718572136E+01
    0.554365885023772508E-16    0.683378368122804574E+02    0.475326188191243748E+01   -0.294050283690770309E+01
    0.731492338799528881E-15    0.631648096207626963E+02    0.487049694513177300E+01   -0.238797812223681216E+01
    0.159435633561934101E-14    0.615931990168218420E+02    0.486049032724805308E+01   -0.243180590455620127E+01
    0.216221086050288061E-14    0.609705434008757479E+02    0.469498439591501704E+01   -0.277338202496869579E+01
    0.265871579885609204E-14    0.605437861093961232E+02    0.482302957245697428E+01   -0.218338567357751323E+01
    0.282935640786073598E-14    0.604060406875767413E+02    0.482770192527677011E+01   -0.216222789355986578E+01
    0.564174013220844926E-14    0.590124207863876862E+02    0.488245836770281105E+01   -0.232691239025937158E+01
    0.830277154865909220E-14    0.582262937958828957E+02    0.479629169864872740E+01   -0.231124155670486164E+01
    0.142861470149566996E-13    0.571275585686843215E+02    0.471520543891873789E+01   -0.268784033462774019E+01
    0.158026045531994518E-13    0.569124563472196172E+02    0.481714088344423619E+01   -0.262532322278835561E+01
    0.167681887121337144E-13    0.567805054323052758E+02    0.480118597154948112E+01   -0.269910676991994336E+01
    0.804864286614401591E-13    0.536299620594156607E+02    0.492850494696283548E+01   -0.210725815511420755E+01
    0.194028269918897226E-12    0.518567981510360383E+02    0.483255648612976074E+01   -0.215872079133987427E+01
    0.196130888984015435E-12    0.518219080824805047E+02    0.494586071121665061E+01   -0.202483421022247612E+01
    0.235811289239806163E-12    0.514400754971416774E+02    0.480596195656477043E+01   -0.228184016016442559E+01
    0.406788724132264361E-12    0.503362179997236368E+02    0.480901429398995539E+01   -0.265286340012454058E+01
    0.589601835654072128E-12    0.495805776485413219E+02    0.478717130995765849E+01   -0.275308204467221929E+01
    0.760693842330188867E-12    0.490576772892681490E+02    0.467821764945983887E+01   -0.287850564718246460E+01
    0.102296894181173531E-11    0.484518770792320908E+02    0.485461639284140034E+01   -0.206530351040201321E+01
    0.155758406762175254E-11    0.475976901066474483E+02    0.476435656946738018E+01   -0.285628198140085487E+01
    0.181615283985649955E-11    0.472771877866536556E+02    0.479617826937605329E+01   -0.233646031449490366E+01
    0.241102098130256911E-11    0.466971947294588219E+02    0.481338401535300875E+01   -0.225870601372141522E+01
    0.296950982299773202E-11    0.462671682062316378E+02    0.477985363566895405E+01   -0.278169493302532533E+01
    0.592702882781200995E-11    0.448715825725508282E+02    0.477912008762359619E+01   -0.242071121931076050E+01
    0.609787437168203422E-11    0.448014148388426392E+02    0.490871685627885590E+01   -0.218341303180828472E+01
    0.839377919603007120E-11    0.441489802799168345E+02    0.476321034701119395E+01   -0.249579862689756382E+01
    0.912734784898751381E-11    0.439680783359777010E+02    0.486770653724670410E+01   -0.201588481664657593E+01
    0.140094898813921503E-10    0.430978254351277030E+02    0.475866087641291546E+01   -0.287524979772509681E+01
    0.166820607632453844E-10    0.427352941265824171E+02    0.483869161313337681E+01   -0.250292739385697693E+01
    0.191164159123335569E-10    0.424495337902258569E+02    0.480800327575776532E+01   -0.229365814150127534E+01
    0.486742273268293244E-10    0.405669959784197331E+02    0.478985971542818945E+01   -0.272518635512158669E+01
    0.570660314361337627E-10    0.402355439118925133E+02    0.485123113674188744E+01   -0.210059435889070123E+01
    0.897006871615638060E-10    0.393176718063631156E+02    0.494459092617034912E+01   -0.200972843170166016E+01
    0.114802996653749316E-09    0.388108601588277935E+02    0.467727403715075862E+01   -0.290922606682083362E+01
    0.162077851451197948E-09    0.381078084304717279E+02    0.484571408222081956E+01   -0.213128639024797772E+01
    0.198987357378202843E-09    0.376841460818749567E+02    0.484473770268815329E+01   -0.246589506450865326E+01
    0.229998158863120980E-09    0.373811527245322708E+02    0.479162395623805359E+01   -0.238177478806793408E+01
    0.269377766645158402E-09    0.370517325362678562E+02    0.478765728295061432E+01   -0.240089417089245405E+01
    0.298523029914353175E-09    0.368329345017650667E+02    0.476716626269053556E+01   -0.282393692334146884E+01
    0.300710447985920857E-09    0.368049996625533495E+02    0.485002419576258692E+01   -0.211485870019029676E+01
    0.328661963243342947E-09    0.366139024886683515E+02    0.476101172979403575E+01   -0.252405938697839360E+01
    0.335228721763380243E-09    0.365610025649845127E+02    0.489882771573611464E+01   -0.221477025480052081E+01
    0.380812789187198859E-09    0.362926795576213692E+02    0.494325218084441786E+01   -0.201024923277607037E+01
    0.511021965985155799E-09    0.356911368479910749E+02    0.489795610548065419E+01   -0.221706721772930981E+01
    0.589148410960174119E-09    0.353932724197977961E+02    0.489025369901291995E+01   -0.225190584611905820E+01
    0.618026850222258792E-09    0.352842315254777290E+02    0.487090890158953194E+01   -0.202215001112034098E+01
    0.657473929818714515E-09    0.351471517734953878E+02    0.485196013577165974E+01   -0.211031089893038049E+01
    0.983265699585464983E-09    0.343288699093265635E+02    0.472188000276905306E+01   -0.271204176676175912E+01
    0.129608013686604648E-08    0.337630959144243548E+02    0.479398508889272978E+01   -0.238044803812134997E+01
    0.147786858650709473E-08    0.334872496300918101E+02    0.475538191347654493E+01   -0.287325457830960440E+01
    0.220129069079318548E-08    0.326770303758587275E+02    0.466562807177231331E+01   -0.297966769475360760E+01
    0.232566655015979520E-08    0.325537714020786595E+02    0.485607155770962962E+01   -0.240373543185460470E+01
    0.336101882874188186E-08    0.318039631394266635E+02    0.480435303458571195E+01   -0.233806875828834571E+01
    0.368145001769684879E-08    0.316085047055560899E+02    0.474291285955517505E+01   -0.292708598674217679E+01
    0.372832899062766500E-08    0.315698644914872126E+02    0.485760083158661171E+01   -0.239456677531014384E+01
    0.381873274479004195E-08    0.315086141903744377E+02    0.470280590614916338E+01   -0.280853608409282129E+01
    0.531914643470955716E-08    0.308324924160427685E+02    0.488386565042193421E+01   -0.227211924635591078E+01
    0.680106064008567652E-08    0.303276276214600387E+02    0.467757770686436913E+01   -0.293000693181087701E+01
    0.739308770386717219E-08    0.301473605019302830E+02    0.471820566441372513E+01   -0.274070425404547935E+01
    0.102488879867754718E-07    0.294807796865897664E+02    0.476144720252735532E+01   -0.254152857492199313E+01
    0.147882731615791389E-07    0.287341157489755723E+02    0.470240439360659401E+01   -0.281899669643490558E+01
    0.189678500833464902E-07    0.282229605509905497E+02    0.492173518643480268E+01   -0.209253115836996928E+01
    0.243554641149250806E-07    0.277096056611474353E+02    0.491107117221464584E+01   -0.214036078363359206E+01
    0.253902602421149029E-07    0.276130534835604777E+02    0.488134924172364748E+01   -0.227675269554670656E+01
    0.283419993106908740E-07    0.273797618829679479E+02    0.485793850621794920E+01   -0.238400027944650006E+01
    0.286326052332209488E-07    0.273460258846182356E+02    0.486466817390200568E+01   -0.207365970874694350E+01
    0.360451042276965079E-07    0.268722426755610790E+02    0.479185264233617403E+01   -0.240971293072657078E+01
    0.427713187926640151E-07    0.265167159285527809E+02    0.472143264736977031E+01   -0.273678426941514141E+01
    0.533400033229989919E-07    0.260617449456931354E+02    0.479497436737617466E+01   -0.239775263896412172E+01
    0.756199845938481617E-07    0.253503435850012124E+02    0.489130397355899316E+01   -0.222582279052544418E+01
    0.144679856817007220E-06    0.240394046062702067E+02    0.468911030440203547E+01   -0.289480699399608188E+01
    0.169740849634839593E-06    0.237065723877247834E+02    0.491913695506777326E+01   -0.209407137785319808E+01
    0.210190901911129112E-06    0.232657524254737851E+02    0.490863883571701809E+01   -0.214119955655150473E+01
    0.300402250901511962E-06    0.225382066153785310E+02    0.490688653478337944E+01   -0.214745370732633045E+01
    0.311620955983815061E-06    0.224515429786545262E+02    0.481839294873612989E+01   -0.255479250813339398E+01
    0.321056331499918550E-06    0.223785515839192506E+02    0.485767551961718347E+01   -0.212091249582021657E+01
    0.324395548067726653E-06    0.223445242440148775E+02    0.492920295391711782E+01   -0.204453576211532484E+01
    0.393066434268839039E-06    0.219471608247497194E+02    0.473602888223369600E+01   -0.293698296036607420E+01
    0.458757771755204703E-06    0.216247400937023464E+02    0.472069650141927610E+01   -0.275512844768032483E+01
    0.464541229741092856E-06    0.215863508093966132E+02    0.486021986097168401E+01   -0.211178437936244512E+01
    0.484055915005145209E-06    0.214907172539696241E+02    0.488375034283473575E+01   -0.200417697799033467E+01
    0.511715933110846222E-06    0.213662454686082164E+02    0.474030583607059874E+01   -0.291534086241087254E+01
    0.532280051232066512E-06    0.212741119152795370E+02    0.478075886084838686E+01   -0.247827730823860071E+01
    0.622607669432946971E-06    0.209472849551437541E+02    0.477605248002432781E+01   -0.250106504918289918E+01
    0.660515487015346465E-06    0.208157436322662655E+02    0.475686867783576517E+01   -0.259010698072949097E+01
    0.675549027068600882E-06    0.207573999737339037E+02    0.471970036492634737E+01   -0.276263849717041987E+01
    0.700359521338611812E-06    0.206719304975829736E+02    0.484690342788200557E+01   -0.241864496701123199E+01
    0.696512602699152215E-06    0.206696129996969553E+02    0.488437350190606701E+01   -0.200400630892555220E+01
    0.752100565019549417E-06    0.205027113509551526E+02    0.493415377923569931E+01   -0.201712123752430994E+01
    0.932413603691551437E-06    0.200595651137398256E+02    0.479994133911363097E+01   -0.239390217607966793E+01
    0.929043030199610242E-06    0.200534746613079946E+02    0.468448325675849997E+01   -0.292967994270903409E+01
    0.113760157138898379E-05    0.196350965603961463E+02    0.487322103614158486E+01   -0.229470036348214323E+01
    0.115841896767621211E-05    0.195854953167431667E+02    0.482419144119764454E+01   -0.228390892007065638E+01
    0.117817593213167396E-05    0.195383393720253515E+02    0.486949581469013637E+01   -0.207600617271027232E+01
    0.120911626684541969E-05    0.194731614135901161E+02    0.487494074272251421E+01   -0.228635206365212973E+01
    0.151519072946257343E-05    0.190085248996893661E+02    0.475583552415473942E+01   -0.260100555152014756E+01
    0.162550090239607349E-05    0.188546421846771075E+02    0.486349060111100417E+01   -0.233735883151840751E+01
    0.169016258280992077E-05    0.187632914288590094E+02    0.482015519501262091E+01   -0.253611024832408427E+01
    0.179027067114879600E-05    0.186348739071265896E+02    0.479269254287521562E+01   -0.243228006914529349E+01
    0.185642383317167693E-05    0.185489702831319043E+02    0.473692857823821356E+01   -0.292353097721707655E+01
    0.241938507910825913E-05    0.180059140664912007E+02    0.475606449786081686E+01   -0.283229012092724730E+01
    0.299106482806529686E-05    0.175683486422511379E+02    0.474590869813085714E+01   -0.287854757430151187E+01
    0.301780381302043541E-05    0.175372155112869201E+02    0.487530112266540527E+01   -0.205630749464035034E+01
    0.312402161493799912E-05    0.174546985812713054E+02    0.472834531222812604E+01   -0.273390705366189080E+01
    0.360736613261723369E-05    0.171536517440299505E+02    0.469194601727723892E+01   -0.290490031086561196E+01
    0.370450237723106329E-05    0.170871763393225571E+02    0.483864564783027795E+01   -0.222618349331127474E+01
    0.469500173848677469E-05    0.165999439172770380E+02    0.478875779341768570E+01   -0.267604360184328360E+01
    0.510739838558980765E-05    0.164182272450832158E+02    0.478742980957031250E+01   -0.268166112899780273E+01
    0.532775729459969290E-05    0.163204134577298312E+02    0.468513534780685337E+01   -0.294001325119822132E+01
    0.610558398563116434E-05    0.160345333633070517E+02    0.476362316263102592E+01   -0.257565320751505844E+01
    0.606607830546274745E-05    0.160341829136424785E+02    0.490922033374691225E+01   -0.211903881150690854E+01
    0.609715452020430861E-05    0.160106298360008168E+02    0.492154221601847830E+01   -0.206241413407178031E+01
    0.652488573838506682E-05    0.158616939997731379E+02    0.470703673683250390E+01   -0.283904892548188492E+01
    0.676194964998999052E-05    0.157769850333642463E+02    0.487889344007330017E+01   -0.204621956088147483E+01
    0.102044408417289111E-04    0.149406282121373142E+02    0.490208924189411377E+01   -0.214844046496160779E+01
    0.103765341848481265E-04    0.148938470263208558E+02    0.474701257094725015E+01   -0.265714949985011506E+01
    0.111626633705330291E-04    0.147344583863263132E+02    0.471530933533239338E+01   -0.280476601010216342E+01
    0.120899185522231233E-04    0.145615303608697513E+02    0.482438941634627483E+01   -0.230112626776573759E+01
    0.132228419811877707E-04    0.143690493087595250E+02    0.469093481908612553E+01   -0.292027704516089281E+01
    0.135556893897168974E-04    0.143059948691130572E+02    0.481501673968509714E+01   -0.234524017794424688E+01
    0.147235408410207463E-04    0.141273789552219018E+02    0.486952231048735840E+01   -0.229556083321588833E+01
    0.152906910117877861E-04    0.140384524579122534E+02    0.474785430585816748E+01   -0.265551423574141188E+01
    0.167170127977194265E-04    0.138467536872906791E+02    0.486649840828059688E+01   -0.211046223779298536E+01
    0.173055779051664273E-04    0.137642164728985303E+02    0.481217134997909923E+01   -0.236046588943974944E+01
    0.184140152028177003E-04    0.136267167422123361E+02    0.487931851810048212E+01   -0.205251794955397804E+01
    0.188319893146401751E-04    0.135684935836067524E+02    0.467847376476248389E+01   -0.298224236798921849E+01
    0.226964610945321620E-04    0.131818561896709951E+02    0.473561924227966546E+01   -0.271687177930148627E+01
    0.229020123087374087E-04    0.131504913222797644E+02    0.482437136228417707E+01   -0.230678379584742377E+01
    0.276368660880794630E-04    0.127613063313109674E+02    0.482354969402814859E+01   -0.231214766924815462E+01
    0.278020409562830012E-04    0.127360553491092752E+02    0.488153274201225518E+01   -0.223571837026799436E+01
    0.280190035909652333E-04    0.127071749238866456E+02    0.488468190056892926E+01   -0.203162593516288270E+01
    0.322927750055511034E-04    0.124099205074955776E+02    0.484624750343229049E+01   -0.220925045771742434E+01
    0.365101434082630965E-04    0.121510939693457409E+02    0.480924924055619041E+01   -0.256682381980787300E+01
    0.476013517142571114E-04    0.116072185667817731E+02    0.481731528298321621E+01   -0.234566578014442717E+01
    0.538103283589898412E-04    0.113486766984826293E+02    0.470944646507032694E+01   -0.284552403227705852E+01
    0.537867229540431779E-04    0.113362209135592948E+02    0.482787108421325684E+01   -0.247790575027465820E+01
    0.588171626510107320E-04    0.111440734948962206E+02    0.470516847653098669E+01   -0.286703646988518912E+01
    0.659315665682708851E-04    0.109023728819795380E+02    0.473122727870941162E+01   -0.274657380580902100E+01
    0.685419668151120251E-04    0.108113817926853173E+02    0.483845819091094764E+01   -0.225100478152339889E+01
    0.694360638872780809E-04    0.107721281129776703E+02    0.486595711048988555E+01   -0.212574169672648994E+01
    0.765695255708739495E-04    0.105632092316585258E+02    0.485246762411774224E+01   -0.218860563175767631E+01
    0.786407986551622738E-04    0.104964929532478841E+02    0.482676432159830870E+01   -0.230704876136697790E+01
    0.787661170320084309E-04    0.104799750481877858E+02    0.490326835929741733E+01   -0.212781009379195218E+01
    0.862694868466086105E-04    0.102846556201423436E+02    0.488170825356628857E+01   -0.222608189283312186E+01
    0.879217811791455680E-04    0.102333790785408993E+02    0.478783870712217130E+01   -0.265918149907398504E+01
    0.886369071538271912E-04    0.102038442228216439E+02    0.484783082276029909E+01   -0.221152031848569575E+01
    0.895598476561704622E-04    0.101697933684259283E+02    0.481452704412756560E+01   -0.253513780376212017E+01
    0.101871543597185251E-03    0.989884893029000068E+01    0.488714635372161865E+01   -0.219959968328475952E+01
    0.142152349193900565E-03    0.921914215492227918E+01    0.478517085034956047E+01   -0.250456386503850670E+01
    0.145211587570987080E-03    0.916322374300464304E+01    0.471255066101769771E+01   -0.284168485940778304E+01
    0.150692001358864749E-03    0.907579816121949712E+01    0.483250267466101757E+01   -0.228634108655613844E+01
    0.171418880920099078E-03    0.880472056885295018E+01    0.484397253993998156E+01   -0.223579818229477745E+01
    0.178300829319238361E-03    0.871266319760161778E+01    0.474940881978211937E+01   -0.283147055195307695E+01
    0.207672393594199171E-03    0.839435060202164784E+01    0.478803348541259766E+01   -0.249536883831024170E+01
    0.210700078472499385E-03    0.835206949667242782E+01    0.470448255151470018E+01   -0.288345938714609673E+01
    0.215448737325062958E-03    0.829416154302455766E+01    0.480194557783454901E+01   -0.258563881356295644E+01
    0.222389527069271042E-03    0.821741327499659668E+01    0.478938674348801818E+01   -0.249000938499608981E+01
    0.256975187301085068E-03    0.791498181763155628E+01    0.488792399598958660E+01   -0.203844190519745228E+01
    0.256470904217096667E-03    0.790557710118298118E+01    0.483800612438249633E+01   -0.226768940373143080E+01
    0.318558433688966936E-03    0.745866236958814088E+01    0.483964883314581051E+01   -0.226244335902922078E+01
    0.346414312703240438E-03    0.727766989464267411E+01    0.485200479500827431E+01   -0.235015642650022016E+01
    0.399564560620213594E-03    0.697885683842374860E+01    0.480181774442213083E+01   -0.258028869753286738E+01
    0.430311631252494511E-03    0.681725487640992611E+01    0.480472456456396646E+01   -0.256607908343470736E+01
    0.432958422422057075E-03    0.679165748062257002E+01    0.471832076873324180E+01   -0.282765924915348288E+01
    0.479957085141385410E-03    0.657221416193437324E+01    0.475145931203456673E+01   -0.267333662039524800E+01
    0.483827654987770497E-03    0.654281669936533028E+01    0.477073209253369424E+01   -0.272224532143964071E+01
    0.486582624437939396E-03    0.651812743994552335E+01    0.485238613103322169E+01   -0.220897518460492304E+01
    0.493654602331409305E-03    0.647593537567396993E+01    0.477322124381401469E+01   -0.271035511079670943E+01
    0.531864505744289169E-03    0.631349667959523497E+01    0.492418778350614872E+01   -0.201394294489119963E+01
    0.543826382958801898E-03    0.625568078927824089E+01    0.486518109659055042E+01   -0.215168243850839591E+01
    0.576305105538311535E-03    0.612633311469142949E+01    0.477091721178215344E+01   -0.271929916678229855E+01
    0.615454067769418854E-03    0.598155358258509828E+01    0.480492626456169880E+01   -0.256100361583060465E+01
    0.615761404329733149E-03    0.596722176743062871E+01    0.486567009448193843E+01   -0.215108997063304441E+01
    0.646712870575959871E-03    0.585580272947115787E+01    0.486515700095223558E+01   -0.228270543386820757E+01
    0.644735513898332430E-03    0.584859386304362072E+01    0.490116942203171302E+01   -0.211718682073075692E+01
    0.646428601054238714E-03    0.583001537734985398E+01    0.471875051147905289E+01   -0.296173704876779720E+01
    0.642655237223897975E-03    0.582839074595028439E+01    0.481598440502461678E+01   -0.238034764722675174E+01
    0.716895814389429103E-03    0.559641317178846620E+01    0.469680007009062894E+01   -0.293481838672721196E+01
    0.714232480157183736E-03    0.559052385955952236E+01    0.480103170025685877E+01   -0.257696407680042405E+01
    0.711565349539300981E-03    0.558467302808810828E+01    0.469228420188946416E+01   -0.295615989342617524E+01
    0.749655036373731180E-03    0.546704791806309398E+01    0.476759012202754384E+01   -0.273129548323590798E+01
    0.783555831455202989E-03    0.536525624657900213E+01    0.473314483958734122E+01   -0.276674552612323010E+01
    0.786669193433541252E-03    0.534399190715711292E+01    0.481349485547740930E+01   -0.251804887061320182E+01
    0.787735701881390050E-03    0.532794895671280599E+01    0.485223862009396711E+01   -0.233935358004056404E+01
    0.804675478633945984E-03    0.527206275515237088E+01    0.477687558331387940E+01   -0.268711451358066800E+01
    0.808460495785386915E-03    0.524934391642439557E+01    0.484287198114160944E+01   -0.226011864387330963E+01
    0.804354180887972966E-03    0.524619482516115454E+01    0.481490707736487700E+01   -0.251099262044586302E+01
    0.830616143554107678E-03    0.516860534912112346E+01    0.488830474050664598E+01   -0.205199928220142702E+01
    0.831410021242613121E-03    0.515336138943136479E+01    0.470389504440108119E+01   -0.290516836743831508E+01
    0.843754435261930393E-03    0.511055121894082198E+01    0.490869918405786088E+01   -0.207868605558894171E+01
    0.851979532576047386E-03    0.507781587568141557E+01    0.476524462488204570E+01   -0.274005031505807484E+01
    0.868833318099914093E-03    0.502530495381974873E+01    0.477103888607895499E+01   -0.259261782625839166E+01
    0.101608496330315295E-02    0.469884971661933015E+01    0.487984691433675799E+01   -0.209288127428421689E+01
    0.103085647404774780E-02    0.465665035537214145E+01    0.475256779904205651E+01   -0.279663593889741779E+01
    0.105435182974952996E-02    0.459824459439850308E+01    0.468521707593296455E+01   -0.299590432515656291E+01
    0.105180813322473311E-02    0.458974222890482597E+01    0.470367317620120851E+01   -0.290894964278658064E+01
    0.104789649548614103E-02    0.458386069085796954E+01    0.484991161135676574E+01   -0.223198900319237348E+01
    0.111921819587318047E-02    0.443883618753894815E+01    0.473222109198100149E+01   -0.289045882443013724E+01
    0.126000845919108551E-02    0.418852678936671552E+01    0.475205514660208905E+01   -0.279675936325192165E+01
    0.126609919145704935E-02    0.416554898333293178E+01    0.472563856039433539E+01   -0.291967147629823609E+01
    0.133695174673475700E-02    0.404331257833117164E+01    0.474659282567976604E+01   -0.271242602055906978E+01
    0.134241212836380707E-02    0.402182747548392605E+01    0.474510002467951075E+01   -0.282757939660911539E+01
    0.140673913465029087E-02    0.391488161404907231E+01    0.484738995347379031E+01   -0.224813283329524527E+01
    0.142235523861714160E-02    0.387946875913190947E+01    0.473547858214175310E+01   -0.276575753943467273E+01
    0.146888784428349109E-02    0.380175256666863470E+01    0.480311994155367650E+01   -0.245272706894331893E+01
    0.148049632762052553E-02    0.377267554908862923E+01    0.488434659053147691E+01   -0.218253638154514595E+01
    0.150202075877392364E-02    0.373047424386642890E+01    0.488744652271270752E+01   -0.216797977685928345E+01
    0.150346881361120488E-02    0.371521369712649818E+01    0.470623601490659027E+01   -0.290256559438175099E+01
    0.157304608309847909E-02    0.361140248528488650E+01    0.475303131157610714E+01   -0.268566811732056276E+01
    0.158037121769838374E-02    0.358877745716258989E+01    0.490117651192669790E+01   -0.210400156226478785E+01
    0.158229626596083904E-02    0.357300940881714002E+01    0.472934194565412902E+01   -0.279666209333108018E+01
    0.159495903067226178E-02    0.354373422558648743E+01    0.486636058107988312E+01   -0.226370704525329902E+01
    0.165055412400733721E-02    0.346187486333915029E+01    0.484495939967143840E+01   -0.226260334421005771E+01
    0.164215622234385565E-02    0.345874336252567760E+01    0.490388879489575213E+01   -0.209067799309074642E+01
    0.167812602613558290E-02    0.340207490481783381E+01    0.489994619541553078E+01   -0.210838655833090272E+01
    0.175642141786922206E-02    0.329754008423397771E+01    0.475683450715548073E+01   -0.267041205326235076E+01
    0.175791431739946084E-02    0.328250753974666942E+01    0.485596287147190964E+01   -0.230968455666964356E+01
    0.176304510886606241E-02    0.326334534617708272E+01    0.472999788631241547E+01   -0.289313279453755845E+01
    0.190439870550667897E-02    0.309576435466947908E+01    0.485505154995831933E+01   -0.231254961652627333E+01
    0.200471685229671251E-02    0.297975799856326518E+01    0.485202461684111963E+01   -0.223386806230648505E+01
    0.208602095132431886E-02    0.288691352458696304E+01    0.482720321087785642E+01   -0.234878569618458011E+01
    0.219576682505162688E-02    0.277103431919092280E+01    0.478248590077087776E+01   -0.264500851512407520E+01
    0.227998287167045918E-02    0.268242779751006744E+01    0.470134617705642643E+01   -0.293431298147237074E+01
    0.231865684890081173E-02    0.263545417803077786E+01    0.477285997618252456E+01   -0.260159386393426661E+01
    0.231792083344225814E-02    0.262275580911746475E+01    0.483551001548767090E+01   -0.231276983022689819E+01
    0.233773301706267098E-02    0.259240033122333724E+01    0.481546671973940121E+01   -0.240530561741989768E+01
    0.234002580786949518E-02    0.257710640857684492E+01    0.480685060101379591E+01   -0.244514609427089047E+01
    0.238920494996430061E-02    0.252217568450495300E+01    0.475651062820454662E+01   -0.267754902622765156E+01
    0.241049330688266391E-02    0.249110082211858552E+01    0.483285699973959115E+01   -0.232611816818536976E+01
    0.241087279065492661E-02    0.247745265372367607E+01    0.487439879658385777E+01   -0.213531270107925009E+01
    0.241906254053476759E-02    0.245733682152261412E+01    0.483471140055183390E+01   -0.240131070420165438E+01
    0.240675509063527880E-02    0.245420484889009671E+01    0.473778845486589706E+01   -0.285041663634019349E+01
    0.249974088202201301E-02    0.236505616658008533E+01    0.490654673209166337E+01   -0.207031275170395768E+01
    0.250847091510346181E-02    0.234475025119365954E+01    0.487040484885728198E+01   -0.215483049535677917E+01
    0.251984873200921831E-02    0.232236591305351192E+01    0.483031732177514961E+01   -0.242044193366595684E+01
    0.253685037134609341E-02    0.229558372460404669E+01    0.487310291322167455E+01   -0.214288776665922853E+01
    0.252401400577063678E-02    0.229239600446706770E+01    0.472065766552049482E+01   -0.284796892885509534E+01
    0.253376101308414817E-02    0.227135412787629765E+01    0.487842858175390592E+01   -0.211869310411540113E+01
    0.252913579632300500E-02    0.226167500139090816E+01    0.488921037880055831E+01   -0.214902316728557619E+01
    0.254652320209771028E-02    0.223463903453188495E+01    0.478714755798011460E+01   -0.261905580341790234E+01
    0.255657093939591802E-02    0.221342989095175335E+01    0.485648238658905029E+01   -0.229816210269927979E+01
    0.260647141597283426E-02    0.216143560775174359E+01    0.475411895040855015E+01   -0.277171545952298004E+01
    0.264465992701782030E-02    0.211901202181274506E+01    0.473796416306019275E+01   -0.284670904609822095E+01
    0.265101338224236994E-02    0.210087970795181445E+01    0.473890138711807740E+01   -0.276446973796601680E+01
    0.267261922472157272E-02    0.207131237599346774E+01    0.483345264378835004E+01   -0.232722554378163604E+01
    0.273283027457194364E-02    0.201342138631866741E+01    0.483834874352453870E+01   -0.230525739196221346E+01
    0.279061216286094309E-02    0.195824168858081693E+01    0.472992232306451399E+01   -0.288374125427034222E+01
    0.283953706510042684E-02    0.191014825792255372E+01    0.471660763214260736E+01   -0.286990071633150645E+01
    0.284232985672902647E-02    0.189484881599010602E+01    0.470896246650885608E+01   -0.298094178546101896E+01
    0.286265879860834842E-02    0.186726197285982987E+01    0.475630277506262011E+01   -0.275934975919231951E+01
    0.285095439797500164E-02    0.186212269579372780E+01    0.471203862152579678E+01   -0.296609234673408029E+01
    0.289040996384203009E-02    0.182130029574033059E+01    0.471697028971047949E+01   -0.294243875882919337E+01
    0.289689636999158895E-02    0.180348376522236165E+01    0.488019790236933382E+01   -0.218630174168813429E+01
    0.290145577866959478E-02    0.178700511784060589E+01    0.486089639933998896E+01   -0.220390639481456052E+01
    0.294525668160657570E-02    0.174370504837772233E+01    0.485259885731604523E+01   -0.231261603329526721E+01
    0.292822465773416411E-02    0.174197101748808292E+01    0.471455517407542590E+01   -0.288210936659476680E+01
    0.291321927851925138E-02    0.173891282323594010E+01    0.478640642656305726E+01   -0.254743444229801197E+01
    0.295188704814941744E-02    0.169920770550085476E+01    0.486209891134106975E+01   -0.226848012079835915E+01
    0.296062459984033476E-02    0.167996313946519815E+01    0.473982199631650492E+01   -0.283386229815153534E+01
    0.298401100184596257E-02    0.165089358664170516E+01    0.481553059948893747E+01   -0.241400500112191363E+01
    0.297395175194014282E-02    0.164431374263338759E+01    0.489340768933993520E+01   -0.205610850033008541E+01
    0.297606070250365290E-02    0.162956263031690152E+01    0.483219355635369663E+01   -0.233758017593061185E+01
    0.297205126173724762E-02    0.161892557533056158E+01    0.484688523402269045E+01   -0.227003039478916246E+01
    0.305544706112048127E-02    0.155024515299670651E+01    0.478789564819122848E+01   -0.260939467691402038E+01
    0.309345008271920624E-02    0.151218965918357995E+01    0.490888373430028402E+01   -0.205171163295989833E+01
    0.316295034995724015E-02    0.145441983107491568E+01    0.472658590354572450E+01   -0.289346127055469138E+01
    0.317245385787374426E-02    0.143508623967879734E+01    0.483734735131789595E+01   -0.237967145001122482E+01
    0.323451763572520958E-02    0.138300404080047135E+01    0.473464519100088754E+01   -0.279141048197877950E+01
    0.321565162946766455E-02    0.138137028264504957E+01    0.471286029575350707E+01   -0.295721318655006504E+01
    0.322073333903615758E-02    0.136487883453192627E+01    0.469203376419379659E+01   -0.299155962035567180E+01
    0.319940311887532405E-02    0.136483512442347066E+01    0.479693952965095161E+01   -0.250294525916845823E+01
    0.318143328889774991E-02    0.136276669514733362E+01    0.483899185759369210E+01   -0.237043750902784867E+01
    0.318526071986096823E-02    0.134702870318330281E+01    0.484467535755034540E+01   -0.228325748152728503E+01
    0.317059692064877328E-02    0.134292391212352080E+01    0.484308497224365109E+01   -0.229062050652256533E+01
    0.316303743837683315E-02    0.133436476399447868E+01    0.486942409713383118E+01   -0.223098332595954485E+01
    0.322618131286063177E-02    0.128149862839273987E+01    0.474977941122480374E+01   -0.272263692299889071E+01
    0.322770065526466589E-02    0.126722363393847015E+01    0.486668839039927725E+01   -0.224279987694858907E+01
    0.320683387607929122E-02    0.126686208728750072E+01    0.477384111378783249E+01   -0.267113699783780634E+01
    0.318908619534323361E-02    0.126462815863030964E+01    0.469402280923048298E+01   -0.298338246268784291E+01
    0.317481885986974251E-02    0.126026250112067872E+01    0.489654144751295561E+01   -0.204609954340931832E+01
    0.320284414538905523E-02    0.122935190421256291E+01    0.485223346058183136E+01   -0.224992376687681706E+01
    0.323672650675693729E-02    0.119497202857188456E+01    0.482375544662327194E+01   -0.243959375034464099E+01
    0.324899048530648054E-02    0.117407500216867366E+01    0.471136160491978018E+01   -0.296185136262155213E+01
    0.332338078862380853E-02    0.111546517594431727E+01    0.475368908084955599E+01   -0.276342738230109264E+01
    0.350823020213560837E-02    0.993873603064402866E+00    0.484094667671205325E+01   -0.230488179492071543E+01
    0.348925053629708546E-02    0.991389724323021748E+00    0.475795217018778871E+01   -0.274151333575364742E+01
    0.347216368997574050E-02    0.987874442368294359E+00    0.480082266395734347E+01   -0.254284930206945381E+01
    0.348539892980094046E-02    0.966931975484518924E+00    0.485740574802220682E+01   -0.228180336094764069E+01
    0.348086096047547141E-02    0.956204327290032463E+00    0.475347027923766863E+01   -0.270972900552800500E+01
    0.350515157152436144E-02    0.928962797355175951E+00    0.480593718193126040E+01   -0.251844429535627956E+01
    0.351020709046747379E-02    0.912746920128155614E+00    0.480544180309880087E+01   -0.252051234306069816E+01
    0.351913752342352618E-02    0.894331782870683822E+00    0.469316524576812810E+01   -0.299247556089951150E+01
    0.351516697338499339E-02    0.883256270740311433E+00    0.472344451568992341E+01   -0.285024600229554581E+01
    0.351896507694400562E-02    0.867763123572957817E+00    0.487768274116434775E+01   -0.218725491024810337E+01
    0.350711537518622919E-02    0.861175920218398061E+00    0.486359928646693174E+01   -0.225194355630188392E+01
    0.350119041648446361E-02    0.851224265875378805E+00    0.491227960025314658E+01   -0.202824735660655486E+01
    0.353095339539991537E-02    0.820961155545439136E+00    0.477201536592886022E+01   -0.267387132212381351E+01
    0.356153004592888248E-02    0.790383177108407331E+00    0.484628533493083680E+01   -0.228238154686451633E+01
    0.355180397101900486E-02    0.782519054667045411E+00    0.481005912952672610E+01   -0.245019111351522456E+01
    0.353076073562824059E-02    0.781070284727497510E+00    0.479233081476669831E+01   -0.257922557332911806E+01
    0.353126542305505931E-02    0.767451091548064457E+00    0.471607484294724699E+01   -0.288738744517502077E+01
    0.351997435297457745E-02    0.760522918209142196E+00    0.471110268703949586E+01   -0.295707250782223374E+01
    0.350580656841141883E-02    0.755255765091753739E+00    0.477833676670600394E+01   -0.264360462995234569E+01
    0.348721697283840230E-02    0.752555680310717290E+00    0.472204902385880487E+01   -0.290580839021646664E+01
    0.347893790217436178E-02    0.743976231845318026E+00    0.469574015381235466E+01   -0.298261701303830806E+01
    0.347107964014722143E-02    0.735165629758672501E+00    0.488734487517260607E+01   -0.209550003965923937E+01
    0.347809103869959864E-02    0.717796476178217291E+00    0.484789601986379992E+01   -0.232202138014809290E+01
    0.347759928909278362E-02    0.704745932667026564E+00    0.489540882470366689E+01   -0.205898761380084361E+01
    0.348556960593050672E-02    0.686834040095028575E+00    0.481348873340607053E+01   -0.248006983757224608E+01
    0.346956150430896343E-02    0.682707221857055346E+00    0.481215703484797430E+01   -0.244223117544402513E+01
    0.345797996052153679E-02    0.676061140927027848E+00    0.479472712724224159E+01   -0.252263210755520140E+01
    0.349014953743176674E-02    0.644207826473071177E+00    0.488809209736818495E+01   -0.209358380527404053E+01
    0.346740398628266359E-02    0.643951292105819140E+00    0.470842664625173946E+01   -0.296821530362397645E+01
    0.345095628376906232E-02    0.640127572530248878E+00    0.482834616924207438E+01   -0.236823261948142783E+01
    0.344247081804237428E-02    0.631718042632969046E+00    0.470659652057471689E+01   -0.297629574647353712E+01
    0.344902340782816865E-02    0.614581416982657891E+00    0.481134831539812335E+01   -0.244698741789597740E+01
    0.343429899543798737E-02    0.609804669546017419E+00    0.479414573066422012E+01   -0.252644282274503551E+01
    0.341973570573186631E-02    0.604970453744054226E+00    0.480529762261337723E+01   -0.247505855387734952E+01
    0.343550537938611730E-02    0.582435575913636261E+00    0.486484970603447042E+01   -0.220134268464569072E+01
    0.341958014746454554E-02    0.578394765924232779E+00    0.473774833160900144E+01   -0.278842957312756035E+01
    0.340622541118480206E-02    0.572887470531943888E+00    0.484968728858716602E+01   -0.231055252913481723E+01
    0.339870350029345238E-02    0.563975587622373320E+00    0.482372064454781579E+01   -0.243085402744031009E+01
    0.342144250916855217E-02    0.537305828293987542E+00    0.485415244953647829E+01   -0.225132186980979121E+01
    0.340424344011228900E-02    0.534051543767871895E+00    0.475445585197335685E+01   -0.275128047563380473E+01
    0.340013669560026988E-02    0.523132387731372828E+00    0.477031938592845606E+01   -0.267693924233340219E+01
    0.337794596568329357E-02    0.522894680585766380E+00    0.479761922492489923E+01   -0.255057733679964915E+01
    0.336223112618969349E-02    0.518887433350560756E+00    0.474044163354342096E+01   -0.277698728398608408E+01
    0.334447541552175542E-02    0.516143948874389191E+00    0.470725572690262339E+01   -0.297149440123190089E+01
    0.333556393557465046E-02    0.508146802808968956E+00    0.481070594191116729E+01   -0.245188083099335419E+01
    0.331868472190007717E-02    0.504959919207797370E+00    0.482477941494397733E+01   -0.238708610131104226E+01
    0.333222317362648910E-02    0.483484256653645916E+00    0.475258171309334898E+01   -0.272121322641785879E+01
    0.331797426343935194E-02    0.478721455023757680E+00    0.472951698394885689E+01   -0.286612743834380046E+01
    0.330775223494714611E-02    0.471559240649059019E+00    0.478255815383289651E+01   -0.261927325171128755E+01
    0.328939831717653397E-02    0.469354327065643173E+00    0.476146210496727207E+01   -0.271703771301508201E+01
    0.327173651672326652E-02    0.466788547554067179E+00    0.484876481223793032E+01   -0.231374917689964521E+01
    0.325019385402186512E-02    0.466667707960889577E+00    0.479668823737190042E+01   -0.255383071294909092E+01
    0.324081180802617864E-02    0.459115945630684419E+00    0.476131943884567566E+01   -0.271750211326045843E+01
    0.324226981422914623E-02    0.444883036254666020E+00    0.485946591373777448E+01   -0.222873305602121796E+01
    0.322755963707340192E-02    0.440644349149483083E+00    0.479829843632534736E+01   -0.251045325420461696E+01
    0.321110353749968222E-02    0.437534340105330266E+00    0.474891857676033613E+01   -0.277474469243859945E+01
    0.320339196545930526E-02    0.429009849962872003E+00    0.483157540190771684E+01   -0.239214922480244274E+01
    0.318246131525362110E-02    0.428787200034907501E+00    0.487027008835852460E+01   -0.217937038929752802E+01
    0.316414946260953293E-02    0.426995083959280763E+00    0.477352935781659049E+01   -0.266021771728025458E+01
    0.314956988893922048E-02    0.422898524561005018E+00    0.485223849428318310E+01   -0.229690780403181005E+01
    0.313256728403884252E-02    0.420391218070367723E+00    0.488313580283193271E+01   -0.215484837025507359E+01
    0.311192830240317837E-02    0.420278524581425450E+00    0.483640977643444003E+01   -0.236970785048694932E+01
    0.310159197353778891E-02    0.413599286151454082E+00    0.476844142862143983E+01   -0.268353632317195689E+01
    0.308428134442129739E-02    0.411459634559795340E+00    0.479029885912306952E+01   -0.254800333776176213E+01
    0.306683512711564826E-02    0.409471405269380362E+00    0.471278686998355667E+01   -0.290848402243680537E+01
    0.304791642736411622E-02    0.408513887993132041E+00    0.481908254494137722E+01   -0.241526680157407636E+01
    0.302934051509234610E-02    0.407407103775233703E+00    0.470931919213589190E+01   -0.292482511484139440E+01
    0.301126691982254264E-02    0.406041870933377125E+00    0.471161576417198358E+01   -0.291406355567878350E+01
    0.299149478358061351E-02    0.405883945003837954E+00    0.481818785762948920E+01   -0.245338256385961051E+01
    0.298017092052016343E-02    0.400135682365651335E+00    0.471313662148189660E+01   -0.294145363491663003E+01
    0.297111195655512137E-02    0.392891100751143529E+00    0.481051323738112657E+01   -0.245510228973505962E+01
    0.297193482605276858E-02    0.379003930617936358E+00    0.487436582022403009E+01   -0.219432094580355885E+01
    0.295286938469660519E-02    0.378542251088003046E+00    0.483665455207360218E+01   -0.233499178504997307E+01
    0.293357564739663620E-02    0.378319585593236862E+00    0.486839280967435961E+01   -0.222170945371657114E+01
    0.292801788370511667E-02    0.368778917396127282E+00    0.487465501933547252E+01   -0.215962565406815354E+01
    0.291106043975456266E-02    0.367062137692867108E+00    0.490490731011828807E+01   -0.205292135197811509E+01
    0.290249184655773981E-02    0.359624407584277384E+00    0.478485482103026527E+01   -0.260635499300559514E+01
    0.290146819045375122E-02    0.346996562302592682E+00    0.472784704248999788E+01   -0.283933759517212225E+01
    0.288242007755072594E-02    0.346836499879937477E+00    0.488741608043405762E+01   -0.210153263589255346E+01
    0.286382122238493372E-02    0.346450008939043264E+00    0.484658947784839356E+01   -0.232128500018718942E+01
    0.284839029375069403E-02    0.343922274191599209E+00    0.474665272833536900E+01   -0.278331027384721041E+01
    0.283452463270489428E-02    0.340348501745315946E+00    0.490963080983936528E+01   -0.200067567039253991E+01
    0.281775161801078129E-02    0.338885121814398893E+00    0.473689885288125012E+01   -0.279728015393794127E+01
    0.280809427336906666E-02    0.332418207728262527E+00    0.486760102133659700E+01   -0.222434164382808408E+01
    0.279141142204559307E-02    0.331002283961368382E+00    0.470747328384233388E+01   -0.296662831072156452E+01
    0.277487471490308300E-02    0.329552461742801839E+00    0.477448252763399861E+01   -0.262297281851237418E+01
    0.275848285000691255E-02    0.328068652069485989E+00    0.482243657018177885E+01   -0.240160810531880120E+01
    0.276213581342866533E-02    0.312088540048775731E+00    0.475091920061732864E+01   -0.273266880760503383E+01
    0.274526064439175937E-02    0.311011612789100556E+00    0.486360083899482554E+01   -0.221267541027263359E+01
    0.273483955480649825E-02    0.305284784277200905E+00    0.479996274391696165E+01   -0.253527096613674718E+01
    0.272933720288779519E-02    0.295979398078485778E+00    0.487739274301365455E+01   -0.214964355846725041E+01
    0.271168623851661796E-02    0.295622319290264779E+00    0.473891095929714101E+01   -0.281827404922237168E+01
    0.270048350608220787E-02    0.290568658592967599E+00    0.476975967673186751E+01   -0.267467482432328518E+01
    0.268442914025764480E-02    0.289160802566820085E+00    0.488579238539925687E+01   -0.213976048860723633E+01
    0.266867301017211390E-02    0.287600960673436823E+00    0.490223535750896033E+01   -0.203585122291470677E+01
    0.265584588634086962E-02    0.283903914783280586E+00    0.489787835917899006E+01   -0.208415644059159177E+01
    0.264318960934703138E-02    0.280124245372479208E+00    0.488549939845808545E+01   -0.211193372405174795E+01
    0.264248500985324450E-02    0.267324126471530588E+00    0.478648963016218865E+01   -0.259661306107798007E+01
    0.263966095394960881E-02    0.256129360449348309E+00    0.474640157715550792E+01   -0.275558842479495691E+01
    0.262360227667668422E-02    0.255000415458648988E+00    0.485086683149326703E+01   -0.229948070068810972E+01
    0.261105385151201011E-02    0.251255829805327902E+00    0.483388628529952591E+01   -0.235080939442127557E+01
    0.261995616676309259E-02    0.231115150422609966E+00    0.469653556390244376E+01   -0.298948527221758553E+01
    0.260487202945617388E-02    0.229329893809550572E+00    0.476350466269680428E+01   -0.270210172775948987E+01
    0.259463973614435395E-02    0.223868304580064154E+00    0.474001531123520436E+01   -0.278573383960087551E+01
    0.258711990627559464E-02    0.216339821850876551E+00    0.474792526495622358E+01   -0.277416062642162142E+01
    0.257585347100383047E-02    0.211735143369291973E+00    0.489145007381192531E+01   -0.211175689850680515E+01
    0.255884815294047134E-02    0.211649224575166855E+00    0.477344430051166313E+01   -0.263087147480103045E+01
    0.255181786526060151E-02    0.203818338155247580E+00    0.475572490719893270E+01   -0.273795752837371698E+01
    0.254044156578692257E-02    0.199421170430813810E+00    0.481840129725474409E+01   -0.242360652147841105E+01
    0.252402381010925899E-02    0.199054902302366221E+00    0.471878533167884751E+01   -0.288567015096708968E+01
    0.250976803020140854E-02    0.197049663949683596E+00    0.470206906101648592E+01   -0.298862059904029032E+01
    0.249340646438283567E-02    0.196797324823265701E+00    0.486417139220289751E+01   -0.221307325107550668E+01
    0.247926448304353845E-02    0.194839784994690818E+00    0.484072257060800215E+01   -0.232095657223425178E+01
    0.246774715774682706E-02    0.190819020090062019E+00    0.482293833265878114E+01   -0.242622114371750808E+01
    0.245437702173807422E-02    0.188351051713075979E+00    0.477277387124608321E+01   -0.263468144721325581E+01
    0.246013194496296026E-02    0.170333689196446342E+00    0.479717858307038370E+01   -0.254444630229776969E+01
    0.244697646940837329E-02    0.167723988569778742E+00    0.483452354660029471E+01   -0.235034365218214436E+01
    0.243135372015125485E-02    0.167200614430437683E+00    0.478985874402631406E+01   -0.257817591516103217E+01
    0.241599576578291385E-02    0.166540603540401955E+00    0.485617281976405835E+01   -0.227246482502750702E+01
    0.240879304921786828E-02    0.159178699997623019E+00    0.473427879350147851E+01   -0.281513104403833481E+01
    0.240027126821683746E-02    0.152933473088514377E+00    0.473793441415373717E+01   -0.279766804723068674E+01
    0.238572264280677857E-02    0.151759511867541969E+00    0.476802035633072929E+01   -0.267878297733927573E+01
    0.237854202114988564E-02    0.144454917574158237E+00    0.476669111479107066E+01   -0.268469498468194301E+01
    0.236463518614199193E-02    0.142849482440732561E+00    0.477681755444317258E+01   -0.261747628382768749E+01
    0.235002769768200134E-02    0.141909429867336095E+00    0.489123345445359270E+01   -0.211056372592740038E+01
    0.233809287047127574E-02    0.138759156308225273E+00    0.477424343667764450E+01   -0.262953969841113588E+01
    0.232341139799641366E-02    0.138023920218697860E+00    0.471039186943613331E+01   -0.292713207047781498E+01
    0.231044965193376133E-02    0.135879338320362031E+00    0.489693925035848210E+01   -0.206463627888166723E+01
    0.229639872813372633E-02    0.134746074284610745E+00    0.476684372517125432E+01   -0.266396583052708014E+01
    0.228136388146798173E-02    0.134550076376860978E+00    0.484453487086011059E+01   -0.232491682364994956E+01
    0.226886270108837872E-02    0.132206272119686330E+00    0.484082688863954758E+01   -0.234189826997748529E+01
    0.225611338540633458E-02    0.130143141479600016E+00    0.482622131607265636E+01   -0.240908708479448608E+01
    0.224181594610208933E-02    0.129524536550664732E+00    0.481498921140794245E+01   -0.244166663713312015E+01
    0.222706437356656522E-02    0.129395070906658527E+00    0.486738781938504417E+01   -0.221968371095214589E+01
    0.222055173229110435E-02    0.121918939072020019E+00    0.485270361149447549E+01   -0.228693396180925124E+01
    0.221482484042498070E-02    0.113750348758614200E+00    0.490931652274453612E+01   -0.200870917840929453E+01
    0.221004421973212484E-02    0.104738610019771292E+00    0.486801072248201372E+01   -0.219869242994699299E+01
    0.219748071651750887E-02    0.102807174507394461E+00    0.488266427738552977E+01   -0.214843107481186379E+01
    0.218587005174324892E-02    0.100069107254678102E+00    0.490817243476726350E+01   -0.201451359663544061E+01
    0.217677858000001360E-02    0.950715219234932185E-01    0.481380367828946110E+01   -0.244851777301138185E+01
    0.216460648792697477E-02    0.929531568801432173E-01    0.485611447559999654E+01   -0.225382403159228417E+01
    0.215334897759063932E-02    0.900484033992447613E-01    0.480379173448690899E+01   -0.251092775199091855E+01
    0.214022734848909975E-02    0.889395365305290508E-01    0.484312099997677326E+01   -0.231376251861100934E+01
    0.212680572712157633E-02    0.881879342436054647E-01    0.473724327114727295E+01   -0.280345004273833487E+01
    0.222177178309515338E-02    0.805554280368499134E-03    0.479544649140516377E+01   -0.254073209898930052E+01
    0.220716207407355060E-02    0.140003885086218589E-01    0.479366615194410528E+01   -0.254655050381749071E+01
    0.222266684222266865E-02    0.478769373446001551E-315    0.480606918100470004E+01   -0.251997684289818880E+01
    0.219889432399418029E-02    0.215062023577476599E-01    0.479890173479542881E+01   -0.252161049439618346E+01
    0.220306713362911164E-02    0.177144282361509260E-01    0.479390678112910074E+01   -0.254504317374895628E+01
    0.218137825437417221E-02    0.375017027957004548E-01    0.479857993243935965E+01   -0.252183676469363593E+01
    0.217819580963571000E-02    0.404216626422620462E-01    0.479232108011417601E+01   -0.255054715393158027E+01
    0.213854627763482644E-02    0.771629330455402968E-01    0.480117939209670652E+01   -0.252239849902881419E+01
    0.222090272041918987E-02    0.158802230620356741E-02    0.480276781159550481E+01   -0.250890761422705211E+01
    0.222266684222266865E-02    0.371447089997809289E-315    0.467507094358617259E+01   -0.248594881962935332E+01
    0.222266684222266865E-02    0.402418286699272006E-315    0.479721025106649179E+01   -0.248962136710530135E+01
    0.218180041705551492E-02    0.371146797426005690E-01    0.480307976847005236E+01   -0.250109064774925249E+01
    0.222266684222266865E-02    0.379681622829167844E-315    0.479387008471653342E+01   -0.248810383469628915E+01
    0.222266684222266865E-02    0.483076993473710544E-315    0.466548144039232060E+01   -0.266218210175014169E+01
    0.214477316518139416E-02    0.713479178300432532E-01    0.471074776245222093E+01   -0.294286536145678079E+01
    0.218789683462749466E-02    0.315340445852107520E-01    0.470711097811834556E+01   -0.295758157094376406E+01
    0.221180896560827303E-02    0.979407603826025833E-02    0.470560984582380026E+01   -0.296213003989685220E+01
    0.221502688469819896E-02    0.688642844027042168E-02    0.469928059308945123E+01   -0.299200517920303444E+01
    0.222123475786941901E-02    0.128903340505566607E-02    0.470231804391689234E+01   -0.297439051363418683E+01
    0.222252517960472035E-02    0.127474914290522041E-03    0.470520896056331139E+01   -0.296141277502505895E+01
    0.219312673713612655E-02    0.267589915344440959E-01    0.469667233779366100E+01   -0.299759566990452786E+01
    0.222167174526200981E-02    0.895608611000023357E-03    0.478525682336218416E+01   -0.258938624146765584E+01
    0.217765290140369038E-02    0.409202182816758020E-01    0.478233167836873729E+01   -0.260751228586864947E+01
    0.219380350874667611E-02    0.261419116375797150E-01    0.478862703403975942E+01   -0.257731391719596203E+01
    0.216965546595513639E-02    0.482787434144733713E-01    0.479128331624848425E+01   -0.256657711258992993E+01
    0.220148628639506294E-02    0.191500764403407624E-01    0.480789501227040184E+01   -0.248770270248582293E+01
    0.222249836592654671E-02    0.151604080670279058E-03    0.480787779324111852E+01   -0.248442722520966131E+01
    0.222160737831827732E-02    0.953554053496817990E-03    0.481277900497555233E+01   -0.246080056236937894E+01
    0.219250443883590475E-02    0.273265707762243813E-01    0.481191660009163691E+01   -0.246105360798837536E+01
    0.222079997847668105E-02    0.168054713237180135E-02    0.480931415707800891E+01   -0.247870830534150777E+01
    0.221330014976850020E-02    0.844614614293779167E-02    0.482852186633319924E+01   -0.239137464285110779E+01
    0.219717968466246350E-02    0.230663575464834236E-01    0.481896332741145361E+01   -0.242892404682452412E+01
    0.216172670726685412E-02    0.556009026950792934E-01    0.481357303392441871E+01   -0.245152728766572636E+01
    0.222266684222266865E-02    0.502383814105133106E-315    0.481648406864804546E+01   -0.245194523543328469E+01
    0.220479349091566535E-02    0.161478112109112795E-01    0.482038145796842787E+01   -0.242981793747917596E+01
    0.213821914649813026E-02    0.774688943082145615E-01    0.481874619408736216E+01   -0.242653876951631808E+01
    0.221772445919940931E-02    0.445220677978346718E-02    0.483726614852408421E+01   -0.234689072026387757E+01
    0.215089747457833380E-02    0.656451402570255305E-01    0.483903152524157232E+01   -0.234733006767004060E+01
    0.222054691066369408E-02    0.190846701305605890E-02    0.483337211146052148E+01   -0.236775603338841867E+01
    0.215895940506682926E-02    0.581628130088306175E-01    0.483530050198807615E+01   -0.236410998633199076E+01
    0.214571662693266180E-02    0.704683336220020967E-01    0.484359491492937089E+01   -0.232657031344996490E+01
    0.217911277750830034E-02    0.395798880763450281E-01    0.483120409744658552E+01   -0.238185761307205857E+01
    0.222151055870932002E-02    0.104071771680179438E-02    0.483183285464256329E+01   -0.237454060404219103E+01
    0.218282741313632683E-02    0.361734805020495279E-01    0.482999563019534328E+01   -0.237707149995123368E+01
    0.221601799841862276E-02    0.599172864543932697E-02    0.483234057458728561E+01   -0.237340174480726507E+01
    0.222224547564849658E-02    0.379189999981260819E-03    0.484096490660953371E+01   -0.233112387641561725E+01
    0.222229018507839535E-02    0.338952338898180518E-03    0.484456010154837013E+01   -0.231460802380306152E+01
    0.218384307324830411E-02    0.352431056240176122E-01    0.484714558958164510E+01   -0.229826869499197617E+01
    0.222135507040746539E-02    0.118070691737241860E-02    0.485025244012327317E+01   -0.228799703306868452E+01
    0.220745404552834604E-02    0.137358387064977390E-01    0.484767991580060098E+01   -0.229762510840453871E+01
    0.216485691324765691E-02    0.527069736263286251E-01    0.485330992016935259E+01   -0.226873272226522271E+01
    0.213052976025716488E-02    0.846741853437622261E-01    0.485440190635173785E+01   -0.226206974631136903E+01
    0.220704706137762191E-02    0.141046089407974931E-01    0.485663499597465709E+01   -0.225645642020166370E+01
    0.216159106103155571E-02    0.557264046753762135E-01    0.485250136079504735E+01   -0.227227779430558829E+01
    0.220436182610135589E-02    0.165394189313492583E-01    0.485766162155573777E+01   -0.225824759003852371E+01
    0.221328023258440809E-02    0.846414394925425542E-02    0.486568955878342546E+01   -0.222037620546363446E+01
    0.218710431217957781E-02    0.322586363555837918E-01    0.486420628682380674E+01   -0.222002472972192422E+01
    0.218194003138363121E-02    0.369867029943850428E-01    0.486469960682647162E+01   -0.221737032700258219E+01
    0.222144697298225008E-02    0.109796402322793205E-02    0.487524082849341944E+01   -0.217493422621585530E+01
    0.212902970712527386E-02    0.860828316654193293E-01    0.487563921053532923E+01   -0.216441503680644676E+01
    0.220456787355273161E-02    0.163524824496517479E-01    0.487522481863617418E+01   -0.217073205784125456E+01
    0.222014883344382559E-02    0.226703895211741169E-02    0.487147462872701809E+01   -0.219261861264397151E+01
    0.219464430286040423E-02    0.253755412395602273E-01    0.487651226866932852E+01   -0.216398269488111339E+01
    0.216949441867032161E-02    0.484272031719578458E-01    0.488624255710672184E+01   -0.212935400502123651E+01
    0.222015720702060026E-02    0.225949570919773898E-02    0.489314496833261714E+01   -0.209311571080436387E+01
    0.220485507492693350E-02    0.160919482455502902E-01    0.488811749614375124E+01   -0.211828739864229254E+01
    0.218330603341779748E-02    0.357349961641374655E-01    0.491100573539733887E+01   -0.201494306325912476E+01
    0.213877763870168368E-02    0.769465724690584912E-01    0.489441485485859928E+01   -0.209335282912128884E+01
    0.221938146695969301E-02    0.295843325723335040E-02    0.491216291720111098E+01   -0.200320459065728240E+01
    0.220152029815135711E-02    0.191191777754019174E-01    0.489095159359646381E+01   -0.209736128305974345E+01
    0.221708833848933192E-02    0.502595881258628870E-02    0.490457009044702197E+01   -0.203756340344168940E+01
    0.222198519398274360E-02    0.613454767406461767E-03    0.490000831549999916E+01   -0.206102245662231898E+01
    0.222029592202328254E-02    0.213453999076433296E-02    0.490080425465053438E+01   -0.205549124454346099E+01
    0.218649949768434746E-02    0.328117861381222453E-01    0.490267373328516243E+01   -0.204243912995998755E+01
    0.221206497659450158E-02    0.956259477106570152E-02    0.489975956036193327E+01   -0.205894004401743791E+01
    0.215486450908207493E-02    0.619598128828982714E-01    0.489597796237942440E+01   -0.208543055682994005E+01
    0.218305109342496707E-02    0.359685455378746244E-01    0.477401077501043414E+01   -0.264570017301958504E+01
    0.221148274848084010E-02    0.100890754632224668E-01    0.477374216681719332E+01   -0.263918710729394590E+01
    0.220295603193756918E-02    0.178152917018125703E-01    0.476955129370896724E+01   -0.265771564176410413E+01
    0.216898630977770514E-02    0.488956702937377238E-01    0.476968586914120074E+01   -0.266658051653697781E+01
    0.217201324496288590E-02    0.461065102050635389E-01    0.476612329905254661E+01   -0.268292958479527011E+01
    0.214811060112088089E-02    0.682381792081177968E-01    0.475989264540784784E+01   -0.271308544203781210E+01
    0.220268919443541815E-02    0.180575604173054995E-01    0.475167729152086160E+01   -0.274064823484339426E+01
    0.222147712833876401E-02    0.107081491527226532E-02    0.476158855411543058E+01   -0.269910405113843233E+01
    0.221869789111496388E-02    0.357453386741548099E-02    0.475809324902423292E+01   -0.271605673484973309E+01
    0.222125112034680548E-02    0.127430068302820075E-02    0.475823912375617475E+01   -0.271209379047009458E+01
    0.221826022259464075E-02    0.396910015406927268E-02    0.475437551214908272E+01   -0.273341480111489243E+01
    0.213108752563665816E-02    0.841506607330245598E-01    0.475303007199105565E+01   -0.273015407013721134E+01
    0.221677192183359489E-02    0.531141359708101491E-02    0.474173142491972044E+01   -0.279252377525923690E+01
    0.222040989669752137E-02    0.203187642427979246E-02    0.474245278683418103E+01   -0.278841418893340398E+01
    0.220661435126477028E-02    0.144967641822475908E-01    0.474575284487503790E+01   -0.276909749168626229E+01
    0.222097615288800428E-02    0.152189491199543250E-02    0.473740384465883047E+01   -0.281179200366893634E+01
    0.221998537918060689E-02    0.241429059404021885E-02    0.473474515310811483E+01   -0.282447385198698830E+01
    0.218749155177767104E-02    0.319045560143145848E-01    0.473854619714845615E+01   -0.281083421596801042E+01
    0.218077195153843981E-02    0.380576697487103044E-01    0.474609926821725914E+01   -0.276495692893073697E+01
    0.222136583429009523E-02    0.117101566477429168E-02    0.473032452620513499E+01   -0.284287451247536538E+01
    0.220174380490000769E-02    0.189161404434470132E-01    0.474234627639409378E+01   -0.279196268384652857E+01
    0.221997212432698118E-02    0.242623201790772691E-02    0.473951643951942181E+01   -0.280280914914344415E+01
    0.220600577234626467E-02    0.150484354390675798E-01    0.474574937295849431E+01   -0.276905228276809234E+01
    0.215277568833854675E-02    0.638994557606831631E-01    0.473865882486433954E+01   -0.281230217028852136E+01
    0.222013677449890571E-02    0.227790216767107109E-02    0.474364515333122583E+01   -0.278035978949810891E+01
    0.221021368900861442E-02    0.112371049808643476E-01    0.473059997673647015E+01   -0.284537351999880173E+01
    0.213322451082140077E-02    0.821461307217458553E-01    0.473236644081712310E+01   -0.282648868085004334E+01
    0.220318373708925990E-02    0.176085754705266016E-01    0.471916294374165624E+01   -0.289335414156767312E+01
    0.214452424938734419E-02    0.715800451649137304E-01    0.471174506417556938E+01   -0.292361928693009476E+01
    0.221824019533039705E-02    0.398715696674285455E-02    0.471213228549001428E+01   -0.293081737754101423E+01
    0.221037988617290172E-02    0.110867205028176586E-01    0.472111996282809798E+01   -0.288403218243709603E+01
    0.222252580392100999E-02    0.126913106301190922E-03    0.482011246611748589E+01   -0.242737957196819609E+01
    0.221187867981593751E-02    0.973103885005379560E-02    0.486949427825676118E+01   -0.219783400310975496E+01
    0.215509568266082250E-02    0.617452646562915569E-01    0.484603804653338344E+01   -0.231487974050166567E+01
    0.220193444729628336E-02    0.187429739353826910E-01    0.478019206308607103E+01   -0.260834987276342600E+01
    0.219892892896545681E-02    0.214747277219701320E-01    0.477548021052713256E+01   -0.263774477272244656E+01
    0.222062178106747056E-02    0.184103394849145590E-02    0.472134455307257284E+01   -0.288700012066148703E+01
    0.214116418407502441E-02    0.747161256830855131E-01    0.474846610847555439E+01   -0.275230070330740118E+01
    0.220714508344310245E-02    0.140157844743666674E-01    0.489054790387325955E+01   -0.210066368680095517E+01
    0.219625779644570199E-02    0.239056896041303056E-01    0.490013655385325908E+01   -0.205567543387405838E+01
    0.216306419670018709E-02    0.543638584026068170E-01    0.482374437191251282E+01   -0.240471705363364485E+01
    0.220185541730520207E-02    0.188147575522401821E-01    0.470862718288634063E+01   -0.294894446570207602E+01
    0.222095017806507112E-02    0.154528550517467485E-02    0.473265808646867647E+01   -0.283395627386154958E+01
    0.222265437856597990E-02    0.112150785705747173E-04    0.484748393335675498E+01   -0.230068473911860627E+01
    0.217074447975648113E-02    0.472751365231120421E-01    0.478837165160753386E+01   -0.256835918672550401E+01
    0.218317471277300768E-02    0.358552950065800027E-01    0.487072776974270027E+01   -0.219979899516148736E+01
    0.214480657496378619E-02    0.713167634658230937E-01    0.471454760128564665E+01   -0.292497878751592078E+01
    0.222266684222266865E-02    0.139065278504067656E-308    0.497554957866668701E+01   -0.298625779151916504E+01
    0.222266684222266865E-02    0.377324969223756765E-315    0.479205920280564257E+01   -0.295914686107613845E+01
    0.222266684222266865E-02    0.541147018920287290E-315    0.540462231882823296E+01   -0.216483811491072586E+01
    0.222266684222266865E-02    0.472973815047177980E-309    0.541683888435363770E+01   -0.201537203788757324E+01
    0.222266684222266865E-02    0.385851672715440000E-315    0.540755338587303225E+01   -0.207678306122367751E+01
    0.222266684222266865E-02    0.466874910573433106E-309    0.587725722789764404E+01   -0.240393221378326416E+01
    0.222266684222266865E-02    0.568275728755661798E-315    0.584330363443131873E+01   -0.236340245552390549E+01
    0.222266684222266865E-02    0.606589294307848781E-315    0.588172368298773840E+01   -0.236574651893888444E+01
    0.222266684222266865E-02    0.481537722072779224E-315    0.542456259107588856E+01   -0.221159403697230372E+01
    0.222266684222266865E-02    0.427895315317973393E-315    0.555890942119957465E+01   -0.229649838641438597E+01
    0.222266684222266865E-02    0.603841656912944774E-315    0.570075691408577701E+01   -0.224179888154029650E+01
    0.222266684222266865E-02    0.485756173132726789E-315    0.568073681352828608E+01   -0.224200032414703188E+01
    0.222266684222266865E-02    0.411072893905350623E-315    0.571270645749098449E+01   -0.234682360943557100E+01
    0.222266684222266865E-02    0.483480467242730340E-315    0.477862686130612779E+01   -0.228607759871100846E+01
    0.222266684222266865E-02    0.552609183802797541E-315    0.480199639281116220E+01   -0.227601583308762834E+01
    0.221761221107219650E-02    0.455343754135406707E-02    0.482938782683193768E+01   -0.238314645054301399E+01
    0.222266684222266865E-02    0.501447381842631441E-315    0.478919884548215080E+01   -0.243949124383750471E+01
    0.222266684222266865E-02    0.581128866294847660E-315    0.478276798244115398E+01   -0.225513398301263646E+01
    0.222266684222266865E-02    0.139061839265724084E-308    0.448789644241333008E+01   -0.239161491394042969E+01
    0.222266684222266865E-02    0.498003783816369619E-315    0.464036592255329250E+01   -0.225305170289189505E+01
    0.222266684222266865E-02    0.499416258209952242E-315    0.467239980232259278E+01   -0.230560449163670445E+01
    0.222266684222266865E-02    0.579926350038121734E-315    0.463993544582442574E+01   -0.217175484103365024E+01
    0.222266684222266865E-02    0.365381702977952142E-315    0.467481240603742521E+01   -0.222342051794672546E+01
    0.222266684222266865E-02    0.585445972382956805E-315    0.466575174606225662E+01   -0.222518104426287966E+01
    0.221696916582949472E-02    0.513346545610558758E-02    0.486198825709344629E+01   -0.223304502070372202E+01
    0.222265944329623792E-02    0.665771280394287618E-05    0.486157035658567338E+01   -0.223693821265094028E+01
    0.222266684222266865E-02    0.480776307624660362E-315    0.493577597921240585E+01   -0.223803606251325649E+01
